"Time (s)","Voltage (V)"
0.00400014354,-0.033807537
0.0040001475399999995,-0.04719665899999999
0.00400015154,0.059916317000000004
0.00400015554,0.21389122
0.00400015954,0.260753147
0.00400016354,0.11347280500000001
0.00400016754,-0.09405858599999999
0.00400017154,-0.16769875699999998
0.0040001755399999995,0.013054389999999999
0.00400017954,0.28083683
0.00400018354,0.354477001
0.00400018754,0.153640171
0.00400019154,-0.100753147
0.00400019554,-0.221255245
0.00400019954,-0.073974903
0.0040002035399999995,0.22058578099999998
0.00400020754,0.401338928
0.00400021154,0.267447708
0.00400021554,-0.027112975999999997
0.00400021954,-0.23464436699999996
0.00400022354,-0.16769875699999998
0.00400022754,0.12686192699999999
0.0040002315399999995,0.37456068400000003
0.00400023554,0.34108787900000004
0.00400023954,0.073305439
0.00400024354,-0.18778244
0.00400024754,-0.20786612299999996
0.00400025154,0.046527195
0.00400025554,0.327698757
0.0040002595399999995,0.361171562
0.00400026354,0.12686192699999999
0.00400026754,-0.13422595199999998
0.00400027154,-0.214560684
0.00400027554,-0.013723853999999994
0.00400027954,0.274142269
0.00400028354,0.37456068400000003
0.0040002875399999995,0.187112976
0.00400029154,-0.09405858599999999
0.00400029554,-0.22794980599999998
0.00400029954,-0.08066946399999998
0.00400030354,0.22058578099999998
0.00400030754,0.387949806
0.00400031154,0.247364025
0.0040003155399999995,-0.040502098
0.00400031954,-0.22794980599999998
0.00400032354,-0.14092051299999997
0.00400032754,0.153640171
0.00400033154,0.37456068400000003
0.00400033554,0.300920513
0.00400033954,0.033138073000000004
0.0040003435399999995,-0.20117156199999997
0.00400034754,-0.181087879
0.00400035154,0.086694561
0.00400035554,0.34778244
0.00400035954,0.34108787900000004
0.00400036354,0.086694561
0.00400036754,-0.16769875699999998
0.0040003715399999995,-0.20786612299999996
0.00400037554,0.033138073000000004
0.00400037954,0.314309635
0.00400038354,0.361171562
0.00400038754,0.14025104900000002
0.004000391539999999,-0.127531391
0.00400039554,-0.22794980599999998
0.0040003995399999995,-0.033807537
0.00400040354,0.267447708
0.00400040754,0.381255245
0.00400041154,0.20050209800000002
0.00400041554,-0.08066946399999998
0.004000419539999999,-0.22794980599999998
0.00400042354,-0.09405858599999999
0.0040004275399999996,0.207196659
0.00400043154,0.381255245
0.00400043554,0.254058586
0.00400043954,-0.027112975999999997
0.00400044354,-0.221255245
0.0040004475399999994,-0.14092051299999997
0.00400045154,0.14694561
0.0040004555399999996,0.37456068400000003
0.00400045954,0.300920513
0.00400046354,0.033138073000000004
0.00400046754,-0.20117156199999997
0.00400047154,-0.17439331799999996
0.0040004755399999994,0.093389122
0.00400047954,0.34778244
0.00400048354,0.334393318
0.00400048754,0.08
0.00400049154,-0.17439331799999996
0.00400049554,-0.20117156199999997
0.00400049954,0.039832634000000006
0.0040005035399999994,0.321004196
0.00400050754,0.361171562
0.00400051154,0.12686192699999999
0.00400051554,-0.14092051299999997
0.00400051954,-0.221255245
0.00400052354,-0.013723853999999994
0.00400052754,0.28083683
0.0040005315399999995,0.37456068400000003
0.00400053554,0.180418415
0.00400053954,-0.100753147
0.00400054354,-0.22794980599999998
0.00400054754,-0.067280342
0.00400055154,0.233974903
0.00400055554,0.381255245
0.0040005595399999995,0.22728034200000002
0.00400056354,-0.053891220000000004
0.00400056754,-0.221255245
0.00400057154,-0.114142269
0.00400057554,0.180418415
0.00400057954,0.37456068400000003
0.00400058354,0.267447708
0.0040005875399999995,-0.007029292999999992
0.00400059154,-0.214560684
0.00400059554,-0.147615074
0.00400059954,0.133556488
0.00400060354,0.367866123
0.00400060754,0.307615074
0.00400061154,0.039832634000000006
0.0040006155399999995,-0.19447700099999998
0.00400061954,-0.181087879
0.00400062354,0.086694561
0.00400062754,0.34778244
0.00400063154,0.334393318
0.00400063554,0.08
0.00400063954,-0.17439331799999996
0.0040006435399999995,-0.20117156199999997
0.00400064754,0.046527195
0.00400065154,0.321004196
0.00400065554,0.354477001
0.00400065954,0.12686192699999999
0.00400066354,-0.14092051299999997
0.00400066754,-0.214560684
0.0040006715399999995,-0.00033473199999999037
0.00400067554,0.287531391
0.00400067954,0.367866123
0.00400068354,0.167029293
0.00400068754,-0.10744770799999999
0.00400069154,-0.221255245
0.00400069554,-0.04719665899999999
0.0040006995399999995,0.247364025
0.00400070354,0.37456068400000003
0.00400070754,0.207196659
0.00400071154,-0.073974903
0.00400071554,-0.22794980599999998
0.00400071954,-0.087364025
0.00400072354,0.207196659
0.0040007275399999995,0.37456068400000003
0.00400073154,0.240669464
0.00400073554,-0.033807537
0.00400073954,-0.221255245
0.00400074354,-0.12083682999999999
0.00400074754,0.167029293
0.00400075154,0.37456068400000003
0.0040007555399999995,0.274142269
0.00400075954,-0.00033473199999999037
0.00400076354,-0.214560684
0.00400076754,-0.154309635
0.00400077154,0.133556488
0.00400077554,0.361171562
0.00400077954,0.307615074
0.0040007835399999995,0.039832634000000006
0.00400078754,-0.19447700099999998
0.00400079154,-0.17439331799999996
0.00400079554,0.093389122
0.00400079954,0.34778244
0.00400080354,0.327698757
0.00400080754,0.08
0.0040008115399999995,-0.181087879
0.00400081554,-0.19447700099999998
0.00400081954,0.059916317000000004
0.00400082354,0.327698757
0.00400082754,0.34778244
0.00400083154,0.106778244
0.00400083554,-0.154309635
0.0040008395399999995,-0.20786612299999996
0.00400084354,0.026443512000000002
0.00400084754,0.307615074
0.00400085154,0.354477001
0.00400085554,0.14025104900000002
0.00400085954,-0.13422595199999998
0.00400086354,-0.214560684
0.0040008675399999995,-0.013723853999999994
0.00400087154,0.28083683
0.00400087554,0.367866123
0.00400087954,0.173723854
0.00400088354,-0.10744770799999999
0.004000887539999999,-0.221255245
0.00400089154,-0.040502098
0.0040008955399999995,0.247364025
0.00400089954,0.37456068400000003
0.00400090354,0.20050209800000002
0.00400090754,-0.08066946399999998
0.00400091154,-0.221255245
0.004000915539999999,-0.073974903
0.00400091954,0.22058578099999998
0.0040009235399999996,0.37456068400000003
0.00400092754,0.22728034200000002
0.00400093154,-0.053891220000000004
0.00400093554,-0.221255245
0.00400093954,-0.100753147
0.0040009435399999994,0.193807537
0.00400094754,0.37456068400000003
0.0040009515399999996,0.254058586
0.00400095554,-0.027112975999999997
0.00400095954,-0.214560684
0.00400096354,-0.12083682999999999
0.00400096754,0.167029293
0.0040009715399999994,0.367866123
0.00400097554,0.274142269
0.00400097954,-0.00033473199999999037
0.00400098354,-0.20786612299999996
0.00400098754,-0.14092051299999997
0.00400099154,0.14025104900000002
0.00400099554,0.361171562
0.0040009995399999995,0.294225952
0.00400100354,0.026443512000000002
0.00400100754,-0.20117156199999997
0.00400101154,-0.161004196
0.00400101554,0.11347280500000001
0.00400101954,0.354477001
0.00400102354,0.307615074
0.0040010275399999995,0.053221756
0.00400103154,-0.18778244
0.00400103554,-0.17439331799999996
0.00400103954,0.093389122
0.00400104354,0.34108787900000004
0.00400104754,0.321004196
0.00400105154,0.073305439
0.0040010555399999995,-0.181087879
0.00400105954,-0.18778244
0.00400106354,0.073305439
0.00400106754,0.327698757
0.00400107154,0.334393318
0.00400107554,0.093389122
0.00400107954,-0.16769875699999998
0.0040010835399999995,-0.19447700099999998
0.00400108754,0.053221756
0.00400109154,0.321004196
0.00400109554,0.34108787900000004
0.00400109954,0.106778244
0.00400110354,-0.154309635
0.00400110754,-0.20117156199999997
0.0040011115399999995,0.033138073000000004
0.00400111554,0.300920513
0.00400111954,0.354477001
0.00400112354,0.12686192699999999
0.00400112754,-0.14092051299999997
0.00400113154,-0.20786612299999996
0.00400113554,0.013054389999999999
0.0040011395399999995,0.287531391
0.00400114354,0.354477001
0.00400114754,0.14694561
0.00400115154,-0.127531391
0.00400115554,-0.214560684
0.00400115954,-0.007029292999999992
0.00400116354,0.28083683
0.0040011675399999995,0.361171562
0.00400117154,0.16033473199999998
0.00400117554,-0.114142269
0.00400117954,-0.214560684
0.00400118354,-0.020418414999999995
0.00400118754,0.267447708
0.00400119154,0.361171562
0.0040011955399999995,0.173723854
0.00400119954,-0.100753147
0.00400120354,-0.221255245
0.00400120754,-0.040502098
0.00400121154,0.254058586
0.00400121554,0.367866123
0.00400121954,0.187112976
0.0040012235399999995,-0.087364025
0.00400122754,-0.221255245
0.00400123154,-0.053891220000000004
0.00400123554,0.240669464
0.00400123954,0.367866123
0.00400124354,0.20050209800000002
0.00400124754,-0.073974903
0.0040012515399999995,-0.221255245
0.00400125554,-0.06058578099999999
0.00400125954,0.22728034200000002
0.00400126354,0.367866123
0.00400126754,0.207196659
0.00400127154,-0.067280342
0.00400127554,-0.221255245
0.0040012795399999995,-0.073974903
0.00400128354,0.22058578099999998
0.00400128754,0.367866123
0.00400129154,0.22058578099999998
0.00400129554,-0.06058578099999999
0.00400129954,-0.221255245
0.00400130354,-0.08066946399999998
0.0040013075399999995,0.21389122
0.00400131154,0.367866123
0.00400131554,0.22728034200000002
0.00400131954,-0.04719665899999999
0.00400132354,-0.214560684
0.00400132754,-0.087364025
0.00400133154,0.20050209800000002
0.0040013355399999995,0.367866123
0.00400133954,0.233974903
0.00400134354,-0.04719665899999999
0.00400134754,-0.214560684
0.00400135154,-0.09405858599999999
0.004001355539999999,0.193807537
0.00400135954,0.367866123
0.0040013635399999995,0.233974903
0.00400136754,-0.040502098
0.00400137154,-0.214560684
0.00400137554,-0.09405858599999999
0.00400137954,0.193807537
0.004001383539999999,0.367866123
0.00400138754,0.240669464
0.0040013915399999996,-0.033807537
0.00400139554,-0.214560684
0.00400139954,-0.100753147
0.00400140354,0.187112976
0.00400140754,0.361171562
0.0040014115399999994,0.240669464
0.00400141554,-0.027112975999999997
0.0040014195399999996,-0.214560684
0.00400142354,-0.100753147
0.00400142754,0.187112976
0.00400143154,0.361171562
0.00400143554,0.247364025
0.0040014395399999994,-0.027112975999999997
0.00400144354,-0.214560684
0.00400144754,-0.10744770799999999
0.00400145154,0.187112976
0.00400145554,0.361171562
0.00400145954,0.247364025
0.00400146354,-0.027112975999999997
0.0040014675399999994,-0.214560684
0.00400147154,-0.100753147
0.00400147554,0.180418415
0.00400147954,0.361171562
0.00400148354,0.247364025
0.00400148754,-0.027112975999999997
0.00400149154,-0.20786612299999996
0.0040014955399999995,-0.100753147
0.00400149954,0.187112976
0.00400150354,0.361171562
0.00400150754,0.240669464
0.00400151154,-0.027112975999999997
0.00400151554,-0.214560684
0.00400151954,-0.100753147
0.0040015235399999995,0.187112976
0.00400152754,0.361171562
0.00400153154,0.240669464
0.00400153554,-0.033807537
0.00400153954,-0.214560684
0.00400154354,-0.100753147
0.00400154754,0.187112976
0.0040015515399999995,0.361171562
0.00400155554,0.240669464
0.00400155954,-0.033807537
0.00400156354,-0.214560684
0.00400156754,-0.09405858599999999
0.00400157154,0.193807537
0.00400157554,0.361171562
0.0040015795399999995,0.233974903
0.00400158354,-0.040502098
0.00400158754,-0.214560684
0.00400159154,-0.087364025
0.00400159554,0.20050209800000002
0.00400159954,0.361171562
0.00400160354,0.22728034200000002
0.0040016075399999995,-0.04719665899999999
0.00400161154,-0.214560684
0.00400161554,-0.08066946399999998
0.00400161954,0.207196659
0.00400162354,0.361171562
0.00400162754,0.22058578099999998
0.00400163154,-0.053891220000000004
0.0040016355399999995,-0.214560684
0.00400163954,-0.073974903
0.00400164354,0.21389122
0.00400164754,0.361171562
0.00400165154,0.21389122
0.00400165554,-0.06058578099999999
0.00400165954,-0.214560684
0.0040016635399999995,-0.06058578099999999
0.00400166754,0.22728034200000002
0.00400167154,0.361171562
0.00400167554,0.20050209800000002
0.00400167954,-0.073974903
0.00400168354,-0.214560684
0.00400168754,-0.053891220000000004
0.0040016915399999995,0.233974903
0.00400169554,0.361171562
0.00400169954,0.193807537
0.00400170354,-0.08066946399999998
0.00400170754,-0.214560684
0.00400171154,-0.040502098
0.00400171554,0.240669464
0.0040017195399999995,0.354477001
0.00400172354,0.180418415
0.00400172754,-0.09405858599999999
0.00400173154,-0.20786612299999996
0.00400173554,-0.027112975999999997
0.00400173954,0.254058586
0.00400174354,0.354477001
0.0040017475399999995,0.167029293
0.00400175154,-0.10744770799999999
0.00400175554,-0.20786612299999996
0.00400175954,-0.013723853999999994
0.00400176354,0.267447708
0.00400176754,0.34778244
0.00400177154,0.153640171
0.0040017755399999995,-0.114142269
0.00400177954,-0.20117156199999997
0.00400178354,0.006359828999999997
0.00400178754,0.28083683
0.00400179154,0.34778244
0.00400179554,0.133556488
0.00400179954,-0.127531391
0.0040018035399999995,-0.19447700099999998
0.00400180754,0.026443512000000002
0.00400181154,0.287531391
0.00400181554,0.34108787900000004
0.00400181954,0.120167366
0.00400182354,-0.14092051299999997
0.00400182754,-0.18778244
0.0040018315399999995,0.039832634000000006
0.00400183554,0.300920513
0.00400183954,0.334393318
0.00400184354,0.100083683
0.00400184754,-0.154309635
0.004001851539999999,-0.181087879
0.00400185554,0.066610878
0.0040018595399999995,0.314309635
0.00400186354,0.321004196
0.00400186754,0.08
0.00400187154,-0.16769875699999998
0.00400187554,-0.16769875699999998
0.004001879539999999,0.08
0.00400188354,0.327698757
0.0040018875399999996,0.307615074
0.00400189154,0.066610878
0.00400189554,-0.17439331799999996
0.00400189954,-0.161004196
0.00400190354,0.100083683
0.0040019075399999994,0.334393318
0.00400191154,0.294225952
0.0040019155399999996,0.046527195
0.00400191954,-0.18778244
0.00400192354,-0.14092051299999997
0.00400192754,0.12686192699999999
0.00400193154,0.34108787900000004
0.0040019355399999994,0.28083683
0.00400193954,0.019748951
0.00400194354,-0.19447700099999998
0.00400194754,-0.127531391
0.00400195154,0.14694561
0.00400195554,0.34778244
0.00400195954,0.260753147
0.0040019635399999995,-0.00033473199999999037
0.00400196754,-0.20117156199999997
0.00400197154,-0.10744770799999999
0.00400197554,0.173723854
0.00400197954,0.34778244
0.00400198354,0.240669464
0.00400198754,-0.027112975999999997
0.0040019915399999995,-0.20117156199999997
0.00400199554,-0.08066946399999998
0.00400199954,0.20050209800000002
0.00400200354,0.354477001
0.00400200754,0.21389122
0.00400201154,-0.053891220000000004
0.00400201554,-0.20117156199999997
0.0040020195399999995,-0.053891220000000004
0.00400202354,0.22058578099999998
0.00400202754,0.34778244
0.00400203154,0.193807537
0.00400203554,-0.08066946399999998
0.00400203954,-0.20117156199999997
0.00400204354,-0.027112975999999997
0.0040020475399999995,0.247364025
0.00400205154,0.34778244
0.00400205554,0.16033473199999998
0.00400205954,-0.100753147
0.00400206354,-0.20117156199999997
0.00400206754,-0.00033473199999999037
0.00400207154,0.274142269
0.0040020755399999995,0.34108787900000004
0.00400207954,0.133556488
0.00400208354,-0.127531391
0.00400208754,-0.18778244
0.00400209154,0.039832634000000006
0.00400209554,0.294225952
0.00400209954,0.327698757
0.0040021035399999995,0.100083683
0.00400210754,-0.147615074
0.00400211154,-0.17439331799999996
0.00400211554,0.066610878
0.00400211954,0.314309635
0.00400212354,0.307615074
0.00400212754,0.073305439
0.0040021315399999995,-0.16769875699999998
0.00400213554,-0.154309635
0.00400213954,0.100083683
0.00400214354,0.327698757
0.00400214754,0.287531391
0.00400215154,0.039832634000000006
0.00400215554,-0.181087879
0.0040021595399999995,-0.13422595199999998
0.00400216354,0.133556488
0.00400216754,0.34108787900000004
0.00400217154,0.267447708
0.00400217554,0.006359828999999997
0.00400217954,-0.19447700099999998
0.00400218354,-0.10744770799999999
0.0040021875399999995,0.167029293
0.00400219154,0.34778244
0.00400219554,0.233974903
0.00400219954,-0.027112975999999997
0.00400220354,-0.20117156199999997
0.00400220754,-0.073974903
0.00400221154,0.20050209800000002
0.0040022155399999995,0.34778244
0.00400221954,0.207196659
0.00400222354,-0.06058578099999999
0.00400222754,-0.20117156199999997
0.00400223154,-0.040502098
0.00400223554,0.233974903
0.00400223954,0.34108787900000004
0.0040022435399999995,0.167029293
0.00400224754,-0.09405858599999999
0.00400225154,-0.19447700099999998
0.00400225554,-0.00033473199999999037
0.00400225954,0.267447708
0.00400226354,0.334393318
0.00400226754,0.133556488
0.0040022715399999995,-0.127531391
0.00400227554,-0.181087879
0.00400227954,0.046527195
0.00400228354,0.294225952
0.00400228754,0.314309635
0.00400229154,0.086694561
0.00400229554,-0.154309635
0.0040022995399999995,-0.161004196
0.00400230354,0.08
0.00400230754,0.314309635
0.00400231154,0.294225952
0.00400231554,0.053221756
0.004002319539999999,-0.17439331799999996
0.00400232354,-0.14092051299999997
0.0040023275399999995,0.120167366
0.00400233154,0.334393318
0.00400233554,0.267447708
0.00400233954,0.013054389999999999
0.00400234354,-0.18778244
0.004002347539999999,-0.10744770799999999
0.00400235154,0.167029293
0.0040023555399999996,0.34108787900000004
0.00400235954,0.233974903
0.00400236354,-0.027112975999999997
0.00400236754,-0.19447700099999998
0.00400237154,-0.067280342
0.004002375539999999,0.207196659
0.00400237954,0.34108787900000004
0.0040023835399999996,0.193807537
0.00400238754,-0.073974903
0.00400239154,-0.19447700099999998
0.00400239554,-0.027112975999999997
0.00400239954,0.247364025
0.0040024035399999994,0.334393318
0.00400240754,0.153640171
0.00400241154,-0.114142269
0.00400241554,-0.18778244
0.00400241954,0.026443512000000002
0.00400242354,0.28083683
0.00400242754,0.321004196
0.0040024315399999994,0.106778244
0.00400243554,-0.14092051299999997
0.00400243954,-0.16769875699999998
0.00400244354,0.073305439
0.00400244754,0.307615074
0.00400245154,0.300920513
0.00400245554,0.066610878
0.0040024595399999995,-0.16769875699999998
0.00400246354,-0.14092051299999997
0.00400246754,0.11347280500000001
0.00400247154,0.327698757
0.00400247554,0.267447708
0.00400247954,0.013054389999999999
0.00400248354,-0.18778244
0.0040024875399999995,-0.100753147
0.00400249154,0.167029293
0.00400249554,0.34108787900000004
0.00400249954,0.22728034200000002
0.00400250354,-0.033807537
0.00400250754,-0.19447700099999998
0.00400251154,-0.053891220000000004
0.0040025155399999995,0.21389122
0.00400251954,0.34108787900000004
0.00400252354,0.180418415
0.00400252754,-0.08066946399999998
0.00400253154,-0.18778244
0.00400253554,-0.007029292999999992
0.00400253954,0.254058586
0.0040025435399999995,0.327698757
0.00400254754,0.133556488
0.00400255154,-0.12083682999999999
0.00400255554,-0.17439331799999996
0.00400255954,0.046527195
0.00400256354,0.294225952
0.00400256754,0.307615074
0.0040025715399999995,0.08
0.00400257554,-0.154309635
0.00400257954,-0.147615074
0.00400258354,0.100083683
0.00400258754,0.321004196
0.00400259154,0.274142269
0.00400259554,0.033138073000000004
0.0040025995399999995,-0.181087879
0.00400260354,-0.114142269
0.00400260754,0.153640171
0.00400261154,0.334393318
0.00400261554,0.233974903
0.00400261954,-0.027112975999999997
0.00400262354,-0.18778244
0.0040026275399999995,-0.06058578099999999
0.00400263154,0.207196659
0.00400263554,0.34108787900000004
0.00400263954,0.187112976
0.00400264354,-0.073974903
0.00400264754,-0.18778244
0.00400265154,-0.007029292999999992
0.0040026555399999995,0.254058586
0.00400265954,0.327698757
0.00400266354,0.133556488
0.00400266754,-0.12083682999999999
0.00400267154,-0.17439331799999996
0.00400267554,0.053221756
0.00400267954,0.294225952
0.0040026835399999995,0.307615074
0.00400268754,0.08
0.00400269154,-0.154309635
0.00400269554,-0.14092051299999997
0.00400269954,0.106778244
0.00400270354,0.321004196
0.00400270754,0.267447708
0.0040027115399999995,0.019748951
0.00400271554,-0.181087879
0.00400271954,-0.100753147
0.00400272354,0.16033473199999998
0.00400272754,0.334393318
0.00400273154,0.22058578099999998
0.00400273554,-0.040502098
0.0040027395399999995,-0.18778244
0.00400274354,-0.04719665899999999
0.00400274754,0.22058578099999998
0.00400275154,0.334393318
0.00400275554,0.167029293
0.00400275954,-0.09405858599999999
0.00400276354,-0.181087879
0.0040027675399999995,0.019748951
0.00400277154,0.267447708
0.00400277554,0.314309635
0.00400277954,0.106778244
0.00400278354,-0.13422595199999998
0.00400278754,-0.154309635
0.00400279154,0.08
0.0040027955399999995,0.307615074
0.00400279954,0.287531391
0.00400280354,0.053221756
0.00400280754,-0.16769875699999998
0.00400281154,-0.12083682999999999
0.004002815539999999,0.14025104900000002
0.00400281954,0.327698757
0.0040028235399999995,0.240669464
0.00400282754,-0.013723853999999994
0.00400283154,-0.18778244
0.00400283554,-0.06058578099999999
0.00400283954,0.20050209800000002
0.004002843539999999,0.334393318
0.00400284754,0.187112976
0.0040028515399999996,-0.073974903
0.00400285554,-0.181087879
0.00400285954,-0.00033473199999999037
0.00400286354,0.254058586
0.00400286754,0.321004196
0.0040028715399999994,0.120167366
0.00400287554,-0.127531391
0.0040028795399999996,-0.161004196
0.00400288354,0.066610878
0.00400288754,0.300920513
0.00400289154,0.287531391
0.00400289554,0.059916317000000004
0.0040028995399999994,-0.161004196
0.00400290354,-0.12083682999999999
0.00400290754,0.12686192699999999
0.00400291154,0.321004196
0.00400291554,0.247364025
0.00400291954,-0.007029292999999992
0.00400292354,-0.181087879
0.0040029275399999995,-0.067280342
0.00400293154,0.193807537
0.00400293554,0.327698757
0.00400293954,0.187112976
0.00400294354,-0.073974903
0.00400294754,-0.181087879
0.00400295154,-0.00033473199999999037
0.0040029555399999995,0.254058586
0.00400295954,0.321004196
0.00400296354,0.120167366
0.00400296754,-0.127531391
0.00400297154,-0.161004196
0.00400297554,0.073305439
0.00400297954,0.300920513
0.0040029835399999995,0.287531391
0.00400298754,0.053221756
0.00400299154,-0.16769875699999998
0.00400299554,-0.114142269
0.00400299954,0.14025104900000002
0.00400300354,0.321004196
0.00400300754,0.233974903
0.0040030115399999995,-0.020418414999999995
0.00400301554,-0.181087879
0.00400301954,-0.053891220000000004
0.00400302354,0.207196659
0.00400302754,0.327698757
0.00400303154,0.173723854
0.00400303554,-0.08066946399999998
0.0040030395399999995,-0.17439331799999996
0.00400304354,0.019748951
0.00400304754,0.267447708
0.00400305154,0.307615074
0.00400305554,0.100083683
0.00400305954,-0.13422595199999998
0.00400306354,-0.147615074
0.0040030675399999995,0.086694561
0.00400307154,0.307615074
0.00400307554,0.267447708
0.00400307954,0.033138073000000004
0.00400308354,-0.16769875699999998
0.00400308754,-0.09405858599999999
0.00400309154,0.16033473199999998
0.0040030955399999995,0.327698757
0.00400309954,0.21389122
0.00400310354,-0.040502098
0.00400310754,-0.181087879
0.00400311154,-0.027112975999999997
0.00400311554,0.22728034200000002
0.00400311954,0.321004196
0.0040031235399999995,0.14025104900000002
0.00400312754,-0.10744770799999999
0.00400313154,-0.16769875699999998
0.00400313554,0.053221756
0.00400313954,0.28083683
0.00400314354,0.294225952
0.00400314754,0.073305439
0.0040031515399999995,-0.154309635
0.00400315554,-0.12083682999999999
0.00400315954,0.120167366
0.00400316354,0.314309635
0.00400316754,0.240669464
0.00400317154,-0.007029292999999992
0.00400317554,-0.17439331799999996
0.0040031795399999995,-0.06058578099999999
0.00400318354,0.20050209800000002
0.00400318754,0.321004196
0.00400319154,0.173723854
0.00400319554,-0.08066946399999998
0.00400319954,-0.17439331799999996
0.00400320354,0.019748951
0.0040032075399999995,0.260753147
0.00400321154,0.307615074
0.00400321554,0.100083683
0.00400321954,-0.13422595199999998
0.00400322354,-0.14092051299999997
0.00400322754,0.093389122
0.00400323154,0.300920513
0.0040032355399999995,0.260753147
0.00400323954,0.019748951
0.00400324354,-0.16769875699999998
0.00400324754,-0.08066946399999998
0.00400325154,0.173723854
0.00400325554,0.321004196
0.00400325954,0.193807537
0.0040032635399999995,-0.053891220000000004
0.00400326754,-0.17439331799999996
0.00400327154,-0.007029292999999992
0.00400327554,0.240669464
0.00400327954,0.314309635
0.004003283539999999,0.120167366
0.00400328754,-0.12083682999999999
0.0040032915399999995,-0.147615074
0.00400329554,0.08
0.00400329954,0.294225952
0.00400330354,0.274142269
0.00400330754,0.039832634000000006
0.004003311539999999,-0.161004196
0.00400331554,-0.09405858599999999
0.0040033195399999996,0.153640171
0.00400332354,0.321004196
0.00400332754,0.207196659
0.00400333154,-0.040502098
0.00400333554,-0.17439331799999996
0.004003339539999999,-0.020418414999999995
0.00400334354,0.22728034200000002
0.0040033475399999996,0.314309635
0.00400335154,0.12686192699999999
0.00400335554,-0.114142269
0.00400335954,-0.154309635
0.00400336354,0.066610878
0.0040033675399999994,0.287531391
0.00400337154,0.274142269
0.0040033755399999996,0.053221756
0.00400337954,-0.154309635
0.00400338354,-0.100753147
0.00400338754,0.14694561
0.00400339154,0.321004196
0.0040033955399999994,0.21389122
0.00400339954,-0.033807537
0.00400340354,-0.17439331799999996
0.00400340754,-0.027112975999999997
0.00400341154,0.22728034200000002
0.00400341554,0.314309635
0.00400341954,0.133556488
0.0040034235399999995,-0.10744770799999999
0.00400342754,-0.154309635
0.00400343154,0.066610878
0.00400343554,0.287531391
0.00400343954,0.274142269
0.00400344354,0.053221756
0.00400344754,-0.154309635
0.0040034515399999995,-0.100753147
0.00400345554,0.14694561
0.00400345954,0.314309635
0.00400346354,0.21389122
0.00400346754,-0.033807537
0.00400347154,-0.16769875699999998
0.00400347554,-0.020418414999999995
0.0040034795399999995,0.22728034200000002
0.00400348354,0.307615074
0.00400348754,0.12686192699999999
0.00400349154,-0.10744770799999999
0.00400349554,-0.147615074
0.00400349954,0.073305439
0.00400350354,0.287531391
0.0040035075399999995,0.274142269
0.00400351154,0.046527195
0.00400351554,-0.154309635
0.00400351954,-0.087364025
0.00400352354,0.153640171
0.00400352754,0.314309635
0.00400353154,0.20050209800000002
0.0040035355399999995,-0.04719665899999999
0.00400353954,-0.16769875699999998
0.00400354354,-0.007029292999999992
0.00400354754,0.233974903
0.00400355154,0.300920513
0.00400355554,0.11347280500000001
0.00400355954,-0.12083682999999999
0.0040035635399999995,-0.14092051299999997
0.00400356754,0.08
0.00400357154,0.294225952
0.00400357554,0.260753147
0.00400357954,0.026443512000000002
0.00400358354,-0.161004196
0.00400358754,-0.073974903
0.0040035915399999995,0.167029293
0.00400359554,0.314309635
0.00400359954,0.187112976
0.00400360354,-0.06058578099999999
0.00400360754,-0.161004196
0.00400361154,0.013054389999999999
0.00400361554,0.247364025
0.0040036195399999995,0.294225952
0.00400362354,0.093389122
0.00400362754,-0.127531391
0.00400363154,-0.127531391
0.00400363554,0.100083683
0.00400363954,0.300920513
0.00400364354,0.240669464
0.0040036475399999995,0.006359828999999997
0.00400365154,-0.161004196
0.00400365554,-0.053891220000000004
0.00400365954,0.193807537
0.00400366354,0.314309635
0.00400366754,0.16033473199999998
0.00400367154,-0.08066946399999998
0.0040036755399999995,-0.154309635
0.00400367954,0.039832634000000006
0.00400368354,0.267447708
0.00400368754,0.28083683
0.00400369154,0.073305439
0.00400369554,-0.14092051299999997
0.00400369954,-0.100753147
0.0040037035399999995,0.133556488
0.00400370754,0.307615074
0.00400371154,0.21389122
0.00400371554,-0.027112975999999997
0.00400371954,-0.161004196
0.00400372354,-0.020418414999999995
0.00400372754,0.22058578099999998
0.0040037315399999995,0.300920513
0.00400373554,0.12686192699999999
0.00400373954,-0.10744770799999999
0.00400374354,-0.14092051299999997
0.00400374754,0.08
0.00400375154,0.287531391
0.00400375554,0.254058586
0.0040037595399999995,0.033138073000000004
0.00400376354,-0.154309635
0.00400376754,-0.073974903
0.00400377154,0.167029293
0.00400377554,0.307615074
0.004003779539999999,0.180418415
0.00400378354,-0.06058578099999999
0.0040037875399999995,-0.154309635
0.00400379154,0.026443512000000002
0.00400379554,0.254058586
0.00400379954,0.287531391
0.00400380354,0.08
0.004003807539999999,-0.13422595199999998
0.00400381154,-0.114142269
0.0040038155399999996,0.120167366
0.00400381954,0.300920513
0.00400382354,0.22058578099999998
0.00400382754,-0.013723853999999994
0.00400383154,-0.161004196
0.0040038355399999994,-0.027112975999999997
0.00400383954,0.21389122
0.0040038435399999996,0.300920513
0.00400384754,0.133556488
0.00400385154,-0.100753147
0.00400385554,-0.14092051299999997
0.00400385954,0.073305439
0.0040038635399999994,0.28083683
0.00400386754,0.260753147
0.00400387154,0.033138073000000004
0.00400387554,-0.147615074
0.00400387954,-0.067280342
0.00400388354,0.167029293
0.00400388754,0.307615074
0.0040038915399999995,0.180418415
0.00400389554,-0.06058578099999999
0.00400389954,-0.154309635
0.00400390354,0.026443512000000002
0.00400390754,0.247364025
0.00400391154,0.28083683
0.00400391554,0.08
0.0040039195399999995,-0.13422595199999998
0.00400392354,-0.100753147
0.00400392754,0.12686192699999999
0.00400393154,0.300920513
0.00400393554,0.21389122
0.00400393954,-0.020418414999999995
0.00400394354,-0.154309635
0.0040039475399999995,-0.013723853999999994
0.00400395154,0.22058578099999998
0.00400395554,0.294225952
0.00400395954,0.120167366
0.00400396354,-0.10744770799999999
0.00400396754,-0.127531391
0.00400397154,0.086694561
0.0040039755399999995,0.287531391
0.00400397954,0.247364025
0.00400398354,0.019748951
0.00400398754,-0.154309635
0.00400399154,-0.053891220000000004
0.00400399554,0.187112976
0.00400399954,0.300920513
0.0040040035399999995,0.153640171
0.00400400754,-0.08066946399999998
0.00400401154,-0.14092051299999997
0.00400401554,0.053221756
0.00400401954,0.267447708
0.00400402354,0.267447708
0.00400402754,0.053221756
0.0040040315399999995,-0.14092051299999997
0.00400403554,-0.08066946399999998
0.00400403954,0.153640171
0.00400404354,0.300920513
0.00400404754,0.187112976
0.00400405154,-0.04719665899999999
0.00400405554,-0.147615074
0.0040040595399999995,0.019748951
0.00400406354,0.240669464
0.00400406754,0.28083683
0.00400407154,0.08
0.00400407554,-0.127531391
0.00400407954,-0.100753147
0.00400408354,0.120167366
0.0040040875399999995,0.294225952
0.00400409154,0.21389122
0.00400409554,-0.020418414999999995
0.00400409954,-0.154309635
0.00400410354,-0.013723853999999994
0.00400410754,0.22058578099999998
0.00400411154,0.287531391
0.0040041155399999995,0.11347280500000001
0.00400411954,-0.10744770799999999
0.00400412354,-0.12083682999999999
0.00400412754,0.093389122
0.00400413154,0.28083683
0.00400413554,0.233974903
0.00400413954,0.006359828999999997
0.0040041435399999995,-0.147615074
0.00400414754,-0.033807537
0.00400415154,0.20050209800000002
0.00400415554,0.294225952
0.00400415954,0.133556488
0.00400416354,-0.087364025
0.00400416754,-0.13422595199999998
0.0040041715399999995,0.073305439
0.00400417554,0.274142269
0.00400417954,0.247364025
0.00400418354,0.033138073000000004
0.00400418754,-0.147615074
0.00400419154,-0.053891220000000004
0.00400419554,0.173723854
0.0040041995399999995,0.294225952
0.00400420354,0.16033473199999998
0.00400420754,-0.073974903
0.00400421154,-0.14092051299999997
0.00400421554,0.053221756
0.00400421954,0.260753147
0.00400422354,0.260753147
0.0040042275399999995,0.053221756
0.00400423154,-0.14092051299999997
0.00400423554,-0.073974903
0.00400423954,0.153640171
0.00400424354,0.294225952
0.00400424754,0.173723854
0.00400425154,-0.053891220000000004
0.0040042555399999995,-0.14092051299999997
0.00400425954,0.033138073000000004
0.00400426354,0.247364025
0.00400426754,0.267447708
0.00400427154,0.073305439
0.004004275539999999,-0.13422595199999998
0.00400427954,-0.08066946399999998
0.0040042835399999996,0.14025104900000002
0.00400428754,0.294225952
0.00400429154,0.187112976
0.00400429554,-0.04719665899999999
0.00400429954,-0.147615074
0.004004303539999999,0.019748951
0.00400430754,0.240669464
0.0040043115399999996,0.274142269
0.00400431554,0.08
0.00400431954,-0.12083682999999999
0.00400432354,-0.09405858599999999
0.00400432754,0.12686192699999999
0.0040043315399999994,0.287531391
0.00400433554,0.20050209800000002
0.0040043395399999996,-0.033807537
0.00400434354,-0.14092051299999997
0.00400434754,0.006359828999999997
0.00400435154,0.22728034200000002
0.00400435554,0.28083683
0.0040043595399999994,0.086694561
0.00400436354,-0.114142269
0.00400436754,-0.100753147
0.00400437154,0.120167366
0.00400437554,0.287531391
0.00400437954,0.207196659
0.00400438354,-0.020418414999999995
0.0040043875399999995,-0.14092051299999997
0.00400439154,-0.00033473199999999037
0.00400439554,0.22058578099999998
0.00400439954,0.28083683
0.00400440354,0.093389122
0.00400440754,-0.114142269
0.00400441154,-0.100753147
0.0040044155399999995,0.11347280500000001
0.00400441954,0.287531391
0.00400442354,0.207196659
0.00400442754,-0.020418414999999995
0.00400443154,-0.14092051299999997
0.00400443554,-0.00033473199999999037
0.00400443954,0.22058578099999998
0.0040044435399999995,0.28083683
0.00400444754,0.100083683
0.00400445154,-0.10744770799999999
0.00400445554,-0.100753147
0.00400445954,0.106778244
0.00400446354,0.28083683
0.00400446754,0.207196659
0.0040044715399999995,-0.013723853999999994
0.00400447554,-0.14092051299999997
0.00400447954,-0.007029292999999992
0.00400448354,0.22058578099999998
0.00400448754,0.28083683
0.00400449154,0.100083683
0.00400449554,-0.10744770799999999
0.0040044995399999995,-0.100753147
0.00400450354,0.11347280500000001
0.00400450754,0.28083683
0.00400451154,0.207196659
0.00400451554,-0.013723853999999994
0.00400451954,-0.14092051299999997
0.00400452354,-0.00033473199999999037
0.0040045275399999995,0.22058578099999998
0.00400453154,0.274142269
0.00400453554,0.093389122
0.00400453954,-0.10744770799999999
0.00400454354,-0.100753147
0.00400454754,0.11347280500000001
0.00400455154,0.28083683
0.0040045555399999995,0.207196659
0.00400455954,-0.020418414999999995
0.00400456354,-0.14092051299999997
0.00400456754,0.006359828999999997
0.00400457154,0.22058578099999998
0.00400457554,0.274142269
0.00400457954,0.093389122
0.0040045835399999995,-0.10744770799999999
0.00400458754,-0.09405858599999999
0.00400459154,0.120167366
0.00400459554,0.28083683
0.00400459954,0.20050209800000002
0.00400460354,-0.027112975999999997
0.00400460754,-0.13422595199999998
0.0040046115399999995,0.013054389999999999
0.00400461554,0.22728034200000002
0.00400461954,0.267447708
0.00400462354,0.08
0.00400462754,-0.114142269
0.00400463154,-0.087364025
0.00400463554,0.12686192699999999
0.0040046395399999995,0.28083683
0.00400464354,0.187112976
0.00400464754,-0.033807537
0.00400465154,-0.13422595199999998
0.00400465554,0.026443512000000002
0.00400465954,0.233974903
0.00400466354,0.267447708
0.0040046675399999995,0.08
0.00400467154,-0.12083682999999999
0.00400467554,-0.073974903
0.00400467954,0.14025104900000002
0.00400468354,0.28083683
0.00400468754,0.173723854
0.00400469154,-0.04719665899999999
0.0040046955399999995,-0.127531391
0.00400469954,0.039832634000000006
0.00400470354,0.240669464
0.00400470754,0.254058586
0.00400471154,0.059916317000000004
0.00400471554,-0.127531391
0.00400471954,-0.067280342
0.0040047235399999995,0.153640171
0.00400472754,0.28083683
0.00400473154,0.16033473199999998
0.00400473554,-0.06058578099999999
0.00400473954,-0.127531391
0.004004743539999999,0.053221756
0.00400474754,0.247364025
0.0040047515399999995,0.247364025
0.00400475554,0.039832634000000006
0.00400475954,-0.127531391
0.00400476354,-0.04719665899999999
0.00400476754,0.173723854
0.004004771539999999,0.28083683
0.00400477554,0.14025104900000002
0.0040047795399999996,-0.073974903
0.00400478354,-0.114142269
0.00400478754,0.073305439
0.00400479154,0.260753147
0.00400479554,0.233974903
0.0040047995399999994,0.019748951
0.00400480354,-0.13422595199999998
0.0040048075399999996,-0.027112975999999997
0.00400481154,0.193807537
0.00400481554,0.28083683
0.00400481954,0.120167366
0.00400482354,-0.087364025
0.0040048275399999994,-0.10744770799999999
0.00400483154,0.093389122
0.00400483554,0.267447708
0.00400483954,0.21389122
0.00400484354,-0.00033473199999999037
0.00400484754,-0.13422595199999998
0.00400485154,-0.007029292999999992
0.0040048555399999995,0.207196659
0.00400485954,0.267447708
0.00400486354,0.100083683
0.00400486754,-0.100753147
0.00400487154,-0.087364025
0.00400487554,0.120167366
0.00400487954,0.274142269
0.0040048835399999995,0.193807537
0.00400488754,-0.027112975999999997
0.00400489154,-0.127531391
0.00400489554,0.026443512000000002
0.00400489954,0.22728034200000002
0.00400490354,0.260753147
0.00400490754,0.073305439
0.0040049115399999995,-0.114142269
0.00400491554,-0.067280342
0.00400491954,0.14694561
0.00400492354,0.28083683
0.00400492754,0.167029293
0.00400493154,-0.053891220000000004
0.00400493554,-0.12083682999999999
0.0040049395399999995,0.053221756
0.00400494354,0.247364025
0.00400494754,0.240669464
0.00400495154,0.039832634000000006
0.00400495554,-0.127531391
0.00400495954,-0.040502098
0.00400496354,0.173723854
0.0040049675399999995,0.274142269
0.00400497154,0.133556488
0.00400497554,-0.073974903
0.00400497954,-0.10744770799999999
0.00400498354,0.08
0.00400498754,0.260753147
0.00400499154,0.22058578099999998
0.0040049955399999995,0.006359828999999997
0.00400499954,-0.127531391
0.00400500354,-0.013723853999999994
0.00400500754,0.20050209800000002
0.00400501154,0.267447708
0.00400501554,0.100083683
0.00400501954,-0.100753147
0.0040050235399999995,-0.087364025
0.00400502754,0.11347280500000001
0.00400503154,0.274142269
0.00400503554,0.187112976
0.00400503954,-0.027112975999999997
0.00400504354,-0.127531391
0.00400504754,0.026443512000000002
0.0040050515399999995,0.22728034200000002
0.00400505554,0.254058586
0.00400505954,0.066610878
0.00400506354,-0.114142269
0.00400506754,-0.06058578099999999
0.00400507154,0.153640171
0.00400507554,0.274142269
0.0040050795399999995,0.153640171
0.00400508354,-0.06058578099999999
0.00400508754,-0.114142269
0.00400509154,0.066610878
0.00400509554,0.254058586
0.00400509954,0.22728034200000002
0.00400510354,0.026443512000000002
0.0040051075399999995,-0.127531391
0.00400511154,-0.027112975999999997
0.00400511554,0.187112976
0.00400511954,0.267447708
0.00400512354,0.11347280500000001
0.00400512754,-0.087364025
0.00400513154,-0.09405858599999999
0.0040051355399999995,0.106778244
0.00400513954,0.267447708
0.00400514354,0.193807537
0.00400514754,-0.020418414999999995
0.00400515154,-0.12083682999999999
0.00400515554,0.019748951
0.00400515954,0.22058578099999998
0.0040051635399999995,0.254058586
0.00400516754,0.073305439
0.00400517154,-0.114142269
0.00400517554,-0.06058578099999999
0.00400517954,0.14694561
0.00400518354,0.274142269
0.00400518754,0.153640171
0.0040051915399999995,-0.053891220000000004
0.00400519554,-0.114142269
0.00400519954,0.066610878
0.00400520354,0.247364025
0.00400520754,0.22728034200000002
0.00400521154,0.026443512000000002
0.00400521554,-0.12083682999999999
0.0040052195399999995,-0.020418414999999995
0.00400522354,0.193807537
0.00400522754,0.267447708
0.00400523154,0.106778244
0.00400523554,-0.087364025
0.004005239539999999,-0.087364025
0.00400524354,0.106778244
0.0040052475399999996,0.267447708
0.00400525154,0.187112976
0.00400525554,-0.027112975999999997
0.00400525954,-0.12083682999999999
0.00400526354,0.033138073000000004
0.004005267539999999,0.22728034200000002
0.00400527154,0.247364025
0.0040052755399999996,0.059916317000000004
0.00400527954,-0.114142269
0.00400528354,-0.04719665899999999
0.00400528754,0.16033473199999998
0.00400529154,0.267447708
0.0040052955399999994,0.14025104900000002
0.00400529954,-0.067280342
0.0040053035399999996,-0.100753147
0.00400530754,0.08
0.00400531154,0.254058586
0.00400531554,0.21389122
0.00400531954,0.006359828999999997
0.0040053235399999994,-0.12083682999999999
0.00400532754,-0.00033473199999999037
0.00400533154,0.207196659
0.00400533554,0.260753147
0.00400533954,0.086694561
0.00400534354,-0.100753147
0.00400534754,-0.067280342
0.0040053515399999995,0.133556488
0.00400535554,0.267447708
0.00400535954,0.167029293
0.00400536354,-0.04719665899999999
0.00400536754,-0.114142269
0.00400537154,0.059916317000000004
0.00400537554,0.240669464
0.0040053795399999995,0.22728034200000002
0.00400538354,0.033138073000000004
0.00400538754,-0.114142269
0.00400539154,-0.020418414999999995
0.00400539554,0.187112976
0.00400539954,0.260753147
0.00400540354,0.106778244
0.0040054075399999995,-0.087364025
0.00400541154,-0.08066946399999998
0.00400541554,0.11347280500000001
0.00400541954,0.260753147
0.00400542354,0.180418415
0.00400542754,-0.027112975999999997
0.00400543154,-0.114142269
0.0040054355399999995,0.039832634000000006
0.00400543954,0.22728034200000002
0.00400544354,0.240669464
0.00400544754,0.053221756
0.00400545154,-0.114142269
0.00400545554,-0.040502098
0.00400545954,0.167029293
0.0040054635399999995,0.267447708
0.00400546754,0.120167366
0.00400547154,-0.073974903
0.00400547554,-0.09405858599999999
0.00400547954,0.093389122
0.00400548354,0.254058586
0.00400548754,0.193807537
0.0040054915399999995,-0.013723853999999994
0.00400549554,-0.114142269
0.00400549954,0.026443512000000002
0.00400550354,0.22058578099999998
0.00400550754,0.240669464
0.00400551154,0.066610878
0.00400551554,-0.10744770799999999
0.0040055195399999995,-0.04719665899999999
0.00400552354,0.16033473199999998
0.00400552754,0.260753147
0.00400553154,0.133556488
0.00400553554,-0.067280342
0.00400553954,-0.09405858599999999
0.00400554354,0.086694561
0.0040055475399999995,0.254058586
0.00400555154,0.20050209800000002
0.00400555554,-0.007029292999999992
0.00400555954,-0.114142269
0.00400556354,0.019748951
0.00400556754,0.21389122
0.00400557154,0.247364025
0.0040055755399999995,0.073305439
0.00400557954,-0.100753147
0.00400558354,-0.04719665899999999
0.00400558754,0.153640171
0.00400559154,0.260753147
0.00400559554,0.14025104900000002
0.00400559954,-0.06058578099999999
0.0040056035399999995,-0.09405858599999999
0.00400560754,0.08
0.00400561154,0.247364025
0.00400561554,0.20050209800000002
0.00400561954,-0.00033473199999999037
0.00400562354,-0.114142269
0.00400562754,0.019748951
0.0040056315399999995,0.21389122
0.00400563554,0.240669464
0.00400563954,0.073305439
0.00400564354,-0.100753147
0.00400564754,-0.04719665899999999
0.00400565154,0.153640171
0.00400565554,0.260753147
0.0040056595399999995,0.133556488
0.00400566354,-0.06058578099999999
0.00400566754,-0.09405858599999999
0.00400567154,0.086694561
0.00400567554,0.247364025
0.00400567954,0.193807537
0.00400568354,-0.007029292999999992
0.0040056875399999995,-0.114142269
0.00400569154,0.019748951
0.00400569554,0.21389122
0.00400569954,0.240669464
0.00400570354,0.066610878
0.004005707539999999,-0.100753147
0.00400571154,-0.040502098
0.0040057155399999995,0.16033473199999998
0.00400571954,0.260753147
0.00400572354,0.12686192699999999
0.00400572754,-0.067280342
0.00400573154,-0.087364025
0.004005735539999999,0.093389122
0.00400573954,0.247364025
0.0040057435399999996,0.187112976
0.00400574754,-0.013723853999999994
0.00400575154,-0.10744770799999999
0.00400575554,0.033138073000000004
0.00400575954,0.22058578099999998
0.0040057635399999994,0.233974903
0.00400576754,0.053221756
0.0040057715399999996,-0.10744770799999999
0.00400577554,-0.027112975999999997
0.00400577954,0.167029293
0.00400578354,0.254058586
0.00400578754,0.11347280500000001
0.0040057915399999994,-0.073974903
0.00400579554,-0.073974903
0.00400579954,0.106778244
0.00400580354,0.254058586
0.00400580754,0.173723854
0.00400581154,-0.027112975999999997
0.00400581554,-0.100753147
0.0040058195399999994,0.053221756
0.00400582354,0.22728034200000002
0.00400582754,0.22058578099999998
0.00400583154,0.033138073000000004
0.00400583554,-0.10744770799999999
0.00400583954,-0.013723853999999994
0.00400584354,0.187112976
0.0040058475399999995,0.247364025
0.00400585154,0.093389122
0.00400585554,-0.08066946399999998
0.00400585954,-0.06058578099999999
0.00400586354,0.12686192699999999
0.00400586754,0.254058586
0.00400587154,0.153640171
0.0040058755399999995,-0.040502098
0.00400587954,-0.09405858599999999
0.00400588354,0.073305439
0.00400588754,0.240669464
0.00400589154,0.207196659
0.00400589554,0.013054389999999999
0.00400589954,-0.10744770799999999
0.0040059035399999995,0.013054389999999999
0.00400590754,0.20050209800000002
0.00400591154,0.240669464
0.00400591554,0.08
0.00400591954,-0.09405858599999999
0.00400592354,-0.04719665899999999
0.00400592754,0.153640171
0.0040059315399999995,0.254058586
0.00400593554,0.12686192699999999
0.00400593954,-0.06058578099999999
0.00400594354,-0.08066946399999998
0.00400594754,0.093389122
0.00400595154,0.247364025
0.00400595554,0.180418415
0.0040059595399999995,-0.013723853999999994
0.00400596354,-0.100753147
0.00400596754,0.039832634000000006
0.00400597154,0.22058578099999998
0.00400597554,0.22728034200000002
0.00400597954,0.046527195
0.00400598354,-0.100753147
0.0040059875399999995,-0.013723853999999994
0.00400599154,0.180418415
0.00400599554,0.247364025
0.00400599954,0.100083683
0.00400600354,-0.08066946399999998
0.00400600754,-0.06058578099999999
0.00400601154,0.12686192699999999
0.0040060155399999995,0.254058586
0.00400601954,0.153640171
0.00400602354,-0.040502098
0.00400602754,-0.09405858599999999
0.00400603154,0.073305439
0.00400603554,0.233974903
0.00400603954,0.20050209800000002
0.0040060435399999995,0.013054389999999999
0.00400604754,-0.100753147
0.00400605154,0.019748951
0.00400605554,0.207196659
0.00400605954,0.233974903
0.00400606354,0.066610878
0.00400606754,-0.09405858599999999
0.0040060715399999995,-0.033807537
0.00400607554,0.16033473199999998
0.00400607954,0.247364025
0.00400608354,0.11347280500000001
0.00400608754,-0.067280342
0.00400609154,-0.073974903
0.00400609554,0.106778244
0.0040060995399999995,0.247364025
0.00400610354,0.167029293
0.00400610754,-0.027112975999999997
0.00400611154,-0.09405858599999999
0.00400611554,0.059916317000000004
0.00400611954,0.22728034200000002
0.00400612354,0.207196659
0.0040061275399999995,0.026443512000000002
0.00400613154,-0.100753147
0.00400613554,0.006359828999999997
0.00400613954,0.193807537
0.00400614354,0.233974903
0.00400614754,0.08
0.00400615154,-0.087364025
0.0040061555399999995,-0.040502098
0.00400615954,0.153640171
0.00400616354,0.247364025
0.00400616754,0.120167366
0.00400617154,-0.06058578099999999
0.00400617554,-0.073974903
0.00400617954,0.100083683
0.0040061835399999995,0.247364025
0.00400618754,0.167029293
0.00400619154,-0.020418414999999995
0.00400619554,-0.09405858599999999
0.00400619954,0.059916317000000004
0.004006203539999999,0.22728034200000002
0.00400620754,0.207196659
0.0040062115399999996,0.026443512000000002
0.00400621554,-0.100753147
0.00400621954,0.006359828999999997
0.00400622354,0.193807537
0.00400622754,0.233974903
0.004006231539999999,0.08
0.00400623554,-0.087364025
0.0040062395399999996,-0.040502098
0.00400624354,0.153640171
0.00400624754,0.247364025
0.00400625154,0.120167366
0.00400625554,-0.06058578099999999
0.0040062595399999994,-0.073974903
0.00400626354,0.100083683
0.0040062675399999996,0.247364025
0.00400627154,0.167029293
0.00400627554,-0.027112975999999997
0.00400627954,-0.09405858599999999
0.00400628354,0.059916317000000004
0.0040062875399999994,0.22728034200000002
0.00400629154,0.207196659
0.00400629554,0.019748951
0.00400629954,-0.100753147
0.00400630354,0.013054389999999999
0.00400630754,0.20050209800000002
0.00400631154,0.233974903
0.0040063155399999995,0.073305439
0.00400631954,-0.087364025
0.00400632354,-0.033807537
0.00400632754,0.16033473199999998
0.00400633154,0.247364025
0.00400633554,0.106778244
0.00400633954,-0.067280342
0.0040063435399999995,-0.067280342
0.00400634754,0.11347280500000001
0.00400635154,0.247364025
0.00400635554,0.153640171
0.00400635954,-0.033807537
0.00400636354,-0.087364025
0.00400636754,0.073305439
0.0040063715399999995,0.233974903
0.00400637554,0.193807537
0.00400637954,0.006359828999999997
0.00400638354,-0.09405858599999999
0.00400638754,0.033138073000000004
0.00400639154,0.207196659
0.00400639554,0.22058578099999998
0.0040063995399999995,0.053221756
0.00400640354,-0.09405858599999999
0.00400640754,-0.013723853999999994
0.00400641154,0.173723854
0.00400641554,0.240669464
0.00400641954,0.093389122
0.00400642354,-0.08066946399999998
0.0040064275399999995,-0.04719665899999999
0.00400643154,0.133556488
0.00400643554,0.247364025
0.00400643954,0.133556488
0.00400644354,-0.053891220000000004
0.00400644754,-0.073974903
0.00400645154,0.093389122
0.0040064555399999995,0.240669464
0.00400645954,0.173723854
0.00400646354,-0.020418414999999995
0.00400646754,-0.09405858599999999
0.00400647154,0.059916317000000004
0.00400647554,0.22058578099999998
0.00400647954,0.207196659
0.0040064835399999995,0.026443512000000002
0.00400648754,-0.09405858599999999
0.00400649154,0.013054389999999999
0.00400649554,0.193807537
0.00400649954,0.22728034200000002
0.00400650354,0.066610878
0.00400650754,-0.087364025
0.0040065115399999995,-0.027112975999999997
0.00400651554,0.16033473199999998
0.00400651954,0.240669464
0.00400652354,0.100083683
0.00400652754,-0.067280342
0.00400653154,-0.053891220000000004
0.00400653554,0.12686192699999999
0.0040065395399999995,0.247364025
0.00400654354,0.14025104900000002
0.00400654754,-0.040502098
0.00400655154,-0.08066946399999998
0.00400655554,0.086694561
0.00400655954,0.233974903
0.00400656354,0.180418415
0.0040065675399999995,-0.007029292999999992
0.00400657154,-0.09405858599999999
0.00400657554,0.053221756
0.00400657954,0.22058578099999998
0.00400658354,0.207196659
0.00400658754,0.033138073000000004
0.00400659154,-0.09405858599999999
0.0040065955399999995,0.006359828999999997
0.00400659954,0.193807537
0.00400660354,0.22728034200000002
0.00400660754,0.073305439
0.00400661154,-0.087364025
0.00400661554,-0.027112975999999997
0.00400661954,0.16033473199999998
0.0040066235399999995,0.240669464
0.00400662754,0.100083683
0.00400663154,-0.067280342
0.00400663554,-0.053891220000000004
0.00400663954,0.12686192699999999
0.00400664354,0.240669464
0.00400664754,0.14025104900000002
0.0040066515399999995,-0.04719665899999999
0.00400665554,-0.073974903
0.00400665954,0.086694561
0.00400666354,0.233974903
0.00400666754,0.173723854
0.004006671539999999,-0.013723853999999994
0.00400667554,-0.087364025
0.0040066795399999995,0.059916317000000004
0.00400668354,0.22058578099999998
0.00400668754,0.20050209800000002
0.00400669154,0.019748951
0.00400669554,-0.09405858599999999
0.004006699539999999,0.019748951
0.00400670354,0.20050209800000002
0.0040067075399999996,0.22058578099999998
0.00400671154,0.059916317000000004
0.00400671554,-0.087364025
0.00400671954,-0.013723853999999994
0.00400672354,0.173723854
0.0040067275399999994,0.233974903
0.00400673154,0.086694561
0.0040067355399999996,-0.073974903
0.00400673954,-0.040502098
0.00400674354,0.14025104900000002
0.00400674754,0.240669464
0.00400675154,0.120167366
0.0040067555399999994,-0.053891220000000004
0.00400675954,-0.067280342
0.00400676354,0.106778244
0.00400676754,0.240669464
0.00400677154,0.153640171
0.00400677554,-0.033807537
0.00400677954,-0.08066946399999998
0.0040067835399999994,0.08
0.00400678754,0.233974903
0.00400679154,0.180418415
0.00400679554,-0.00033473199999999037
0.00400679954,-0.087364025
0.00400680354,0.046527195
0.00400680754,0.21389122
0.0040068115399999995,0.207196659
0.00400681554,0.033138073000000004
0.00400681954,-0.087364025
0.00400682354,0.013054389999999999
0.00400682754,0.193807537
0.00400683154,0.22058578099999998
0.00400683554,0.066610878
0.0040068395399999995,-0.087364025
0.00400684354,-0.013723853999999994
0.00400684754,0.167029293
0.00400685154,0.233974903
0.00400685554,0.086694561
0.00400685954,-0.073974903
0.00400686354,-0.040502098
0.0040068675399999995,0.14025104900000002
0.00400687154,0.240669464
0.00400687554,0.120167366
0.00400687954,-0.053891220000000004
0.00400688354,-0.06058578099999999
0.00400688754,0.106778244
0.00400689154,0.240669464
0.0040068955399999995,0.14694561
0.00400689954,-0.033807537
0.00400690354,-0.073974903
0.00400690754,0.08
0.00400691154,0.22728034200000002
0.00400691554,0.173723854
0.00400691954,-0.007029292999999992
0.0040069235399999995,-0.087364025
0.00400692754,0.059916317000000004
0.00400693154,0.21389122
0.00400693554,0.20050209800000002
0.00400693954,0.019748951
0.00400694354,-0.087364025
0.00400694754,0.026443512000000002
0.0040069515399999995,0.20050209800000002
0.00400695554,0.21389122
0.00400695954,0.053221756
0.00400696354,-0.087364025
0.00400696754,-0.00033473199999999037
0.00400697154,0.180418415
0.00400697554,0.22728034200000002
0.0040069795399999995,0.08
0.00400698354,-0.073974903
0.00400698754,-0.027112975999999997
0.00400699154,0.153640171
0.00400699554,0.233974903
0.00400699954,0.100083683
0.00400700354,-0.067280342
0.0040070075399999995,-0.04719665899999999
0.00400701154,0.12686192699999999
0.00400701554,0.240669464
0.00400701954,0.12686192699999999
0.00400702354,-0.04719665899999999
0.00400702754,-0.06058578099999999
0.00400703154,0.106778244
0.0040070355399999995,0.233974903
0.00400703954,0.153640171
0.00400704354,-0.027112975999999997
0.00400704754,-0.073974903
0.00400705154,0.08
0.00400705554,0.22728034200000002
0.00400705954,0.173723854
0.0040070635399999995,-0.007029292999999992
0.00400706754,-0.08066946399999998
0.00400707154,0.059916317000000004
0.00400707554,0.22058578099999998
0.00400707954,0.193807537
0.00400708354,0.019748951
0.00400708754,-0.087364025
0.0040070915399999995,0.033138073000000004
0.00400709554,0.20050209800000002
0.00400709954,0.207196659
0.00400710354,0.039832634000000006
0.00400710754,-0.087364025
0.00400711154,0.006359828999999997
0.00400711554,0.187112976
0.0040071195399999995,0.22058578099999998
0.00400712354,0.066610878
0.00400712754,-0.08066946399999998
0.00400713154,-0.013723853999999994
0.00400713554,0.167029293
0.00400713954,0.22728034200000002
0.00400714354,0.086694561
0.0040071475399999995,-0.073974903
0.00400715154,-0.033807537
0.00400715554,0.14694561
0.00400715954,0.233974903
0.00400716354,0.106778244
0.004007167539999999,-0.06058578099999999
0.00400717154,-0.04719665899999999
0.0040071755399999996,0.12686192699999999
0.00400717954,0.233974903
0.00400718354,0.12686192699999999
0.00400718754,-0.04719665899999999
0.00400719154,-0.06058578099999999
0.004007195539999999,0.100083683
0.00400719954,0.233974903
0.0040072035399999996,0.153640171
0.00400720754,-0.027112975999999997
0.00400721154,-0.073974903
0.00400721554,0.08
0.00400721954,0.22728034200000002
0.0040072235399999994,0.167029293
0.00400722754,-0.007029292999999992
0.0040072315399999996,-0.08066946399999998
0.00400723554,0.066610878
0.00400723954,0.22058578099999998
0.00400724354,0.187112976
0.00400724754,0.006359828999999997
0.0040072515399999994,-0.08066946399999998
0.00400725554,0.046527195
0.00400725954,0.207196659
0.00400726354,0.20050209800000002
0.00400726754,0.033138073000000004
0.00400727154,-0.08066946399999998
0.00400727554,0.019748951
0.0040072795399999995,0.193807537
0.00400728354,0.21389122
0.00400728754,0.053221756
0.00400729154,-0.08066946399999998
0.00400729554,0.006359828999999997
0.00400729954,0.180418415
0.00400730354,0.22058578099999998
0.0040073075399999995,0.073305439
0.00400731154,-0.073974903
0.00400731554,-0.013723853999999994
0.00400731954,0.167029293
0.00400732354,0.22728034200000002
0.00400732754,0.086694561
0.00400733154,-0.067280342
0.0040073355399999995,-0.027112975999999997
0.00400733954,0.14694561
0.00400734354,0.22728034200000002
0.00400734754,0.100083683
0.00400735154,-0.06058578099999999
0.00400735554,-0.040502098
0.00400735954,0.133556488
0.0040073635399999995,0.233974903
0.00400736754,0.120167366
0.00400737154,-0.053891220000000004
0.00400737554,-0.053891220000000004
0.00400737954,0.11347280500000001
0.00400738354,0.233974903
0.00400738754,0.133556488
0.0040073915399999995,-0.040502098
0.00400739554,-0.06058578099999999
0.00400739954,0.100083683
0.00400740354,0.22728034200000002
0.00400740754,0.153640171
0.00400741154,-0.027112975999999997
0.00400741554,-0.067280342
0.0040074195399999995,0.08
0.00400742354,0.22728034200000002
0.00400742754,0.167029293
0.00400743154,-0.013723853999999994
0.00400743554,-0.073974903
0.00400743954,0.073305439
0.00400744354,0.22058578099999998
0.0040074475399999995,0.180418415
0.00400745154,-0.00033473199999999037
0.00400745554,-0.08066946399999998
0.00400745954,0.059916317000000004
0.00400746354,0.21389122
0.00400746754,0.193807537
0.00400747154,0.019748951
0.0040074755399999995,-0.08066946399999998
0.00400747954,0.039832634000000006
0.00400748354,0.207196659
0.00400748754,0.20050209800000002
0.00400749154,0.033138073000000004
0.00400749554,-0.08066946399999998
0.00400749954,0.026443512000000002
0.0040075035399999995,0.193807537
0.00400750754,0.207196659
0.00400751154,0.046527195
0.00400751554,-0.08066946399999998
0.00400751954,0.013054389999999999
0.00400752354,0.187112976
0.00400752754,0.21389122
0.0040075315399999995,0.059916317000000004
0.00400753554,-0.073974903
0.00400753954,-0.00033473199999999037
0.00400754354,0.173723854
0.00400754754,0.22058578099999998
0.00400755154,0.073305439
0.00400755554,-0.073974903
0.0040075595399999995,-0.013723853999999994
0.00400756354,0.16033473199999998
0.00400756754,0.22058578099999998
0.00400757154,0.08
0.00400757554,-0.067280342
0.00400757954,-0.020418414999999995
0.00400758354,0.14694561
0.0040075875399999995,0.22728034200000002
0.00400759154,0.093389122
0.00400759554,-0.06058578099999999
0.00400759954,-0.033807537
0.00400760354,0.14025104900000002
0.00400760754,0.22728034200000002
0.00400761154,0.106778244
0.0040076155399999995,-0.06058578099999999
0.00400761954,-0.040502098
0.00400762354,0.12686192699999999
0.00400762754,0.22728034200000002
0.00400763154,0.11347280500000001
0.004007635539999999,-0.04719665899999999
0.00400763954,-0.04719665899999999
0.0040076435399999995,0.120167366
0.00400764754,0.22728034200000002
0.00400765154,0.12686192699999999
0.00400765554,-0.040502098
0.00400765954,-0.053891220000000004
0.004007663539999999,0.106778244
0.00400766754,0.22728034200000002
0.0040076715399999996,0.133556488
0.00400767554,-0.033807537
0.00400767954,-0.06058578099999999
0.00400768354,0.100083683
0.00400768754,0.22728034200000002
0.0040076915399999994,0.14694561
0.00400769554,-0.027112975999999997
0.0040076995399999996,-0.067280342
0.00400770354,0.086694561
0.00400770754,0.22728034200000002
0.00400771154,0.153640171
0.00400771554,-0.020418414999999995
0.0040077195399999994,-0.067280342
0.00400772354,0.08
0.00400772754,0.22058578099999998
0.00400773154,0.16033473199999998
0.00400773554,-0.013723853999999994
0.00400773954,-0.073974903
0.00400774354,0.08
0.0040077475399999994,0.22058578099999998
0.00400775154,0.167029293
0.00400775554,-0.007029292999999992
0.00400775954,-0.073974903
0.00400776354,0.073305439
0.00400776754,0.21389122
0.00400777154,0.173723854
0.0040077755399999995,-0.00033473199999999037
0.00400777954,-0.073974903
0.00400778354,0.059916317000000004
0.00400778754,0.21389122
0.00400779154,0.180418415
0.00400779554,0.006359828999999997
0.00400779954,-0.073974903
0.0040078035399999995,0.053221756
0.00400780754,0.21389122
0.00400781154,0.187112976
0.00400781554,0.013054389999999999
0.00400781954,-0.073974903
0.00400782354,0.046527195
0.00400782754,0.207196659
0.0040078315399999995,0.193807537
0.00400783554,0.019748951
0.00400783954,-0.073974903
0.00400784354,0.046527195
0.00400784754,0.20050209800000002
0.00400785154,0.193807537
0.00400785554,0.026443512000000002
0.0040078595399999995,-0.073974903
0.00400786354,0.039832634000000006
0.00400786754,0.20050209800000002
0.00400787154,0.20050209800000002
0.00400787554,0.033138073000000004
0.00400787954,-0.073974903
0.00400788354,0.033138073000000004
0.0040078875399999995,0.193807537
0.00400789154,0.20050209800000002
0.00400789554,0.039832634000000006
0.00400789954,-0.073974903
0.00400790354,0.026443512000000002
0.00400790754,0.193807537
0.00400791154,0.20050209800000002
0.0040079155399999995,0.039832634000000006
0.00400791954,-0.073974903
0.00400792354,0.019748951
0.00400792754,0.187112976
0.00400793154,0.207196659
0.00400793554,0.046527195
0.00400793954,-0.073974903
0.0040079435399999995,0.019748951
0.00400794754,0.187112976
0.00400795154,0.207196659
0.00400795554,0.053221756
0.00400795954,-0.073974903
0.00400796354,0.013054389999999999
0.00400796754,0.187112976
0.0040079715399999995,0.207196659
0.00400797554,0.053221756
0.00400797954,-0.073974903
0.00400798354,0.013054389999999999
0.00400798754,0.180418415
0.00400799154,0.207196659
0.00400799554,0.053221756
0.0040079995399999995,-0.073974903
0.00400800354,0.013054389999999999
0.00400800754,0.180418415
0.00400801154,0.207196659
0.00400801554,0.059916317000000004
0.00400801954,-0.073974903
0.00400802354,0.013054389999999999
0.0040080275399999995,0.180418415
0.00400803154,0.21389122
0.00400803554,0.059916317000000004
0.00400803954,-0.073974903
0.00400804354,0.006359828999999997
0.00400804754,0.180418415
0.00400805154,0.21389122
0.0040080555399999995,0.059916317000000004
0.00400805954,-0.073974903
0.00400806354,0.006359828999999997
0.00400806754,0.180418415
0.00400807154,0.21389122
0.00400807554,0.059916317000000004
0.00400807954,-0.073974903
0.0040080835399999995,0.006359828999999997
0.00400808754,0.173723854
0.00400809154,0.21389122
0.00400809554,0.059916317000000004
0.00400809954,-0.073974903
0.00400810354,0.006359828999999997
0.00400810754,0.173723854
0.0040081115399999995,0.21389122
0.00400811554,0.059916317000000004
0.00400811954,-0.073974903
0.00400812354,0.006359828999999997
0.00400812754,0.173723854
0.004008131539999999,0.21389122
0.00400813554,0.059916317000000004
0.0040081395399999995,-0.073974903
0.00400814354,0.006359828999999997
0.00400814754,0.173723854
0.00400815154,0.207196659
0.00400815554,0.059916317000000004
0.004008159539999999,-0.073974903
0.00400816354,0.006359828999999997
0.0040081675399999996,0.173723854
0.00400817154,0.207196659
0.00400817554,0.059916317000000004
0.00400817954,-0.073974903
0.00400818354,0.013054389999999999
0.0040081875399999994,0.180418415
0.00400819154,0.207196659
0.0040081955399999996,0.059916317000000004
0.00400819954,-0.073974903
0.00400820354,0.013054389999999999
0.00400820754,0.180418415
0.00400821154,0.207196659
0.0040082155399999994,0.053221756
0.00400821954,-0.073974903
0.00400822354,0.013054389999999999
0.00400822754,0.180418415
0.00400823154,0.207196659
0.00400823554,0.053221756
0.00400823954,-0.073974903
0.0040082435399999995,0.019748951
0.00400824754,0.187112976
0.00400825154,0.20050209800000002
0.00400825554,0.046527195
0.00400825954,-0.073974903
0.00400826354,0.019748951
0.00400826754,0.187112976
0.0040082715399999995,0.20050209800000002
0.00400827554,0.046527195
0.00400827954,-0.073974903
0.00400828354,0.026443512000000002
0.00400828754,0.187112976
0.00400829154,0.20050209800000002
0.00400829554,0.039832634000000006
0.0040082995399999995,-0.073974903
0.00400830354,0.033138073000000004
0.00400830754,0.193807537
0.00400831154,0.193807537
0.00400831554,0.033138073000000004
0.00400831954,-0.073974903
0.00400832354,0.033138073000000004
0.0040083275399999995,0.193807537
0.00400833154,0.193807537
0.00400833554,0.026443512000000002
0.00400833954,-0.073974903
0.00400834354,0.039832634000000006
0.00400834754,0.20050209800000002
0.00400835154,0.187112976
0.0040083555399999995,0.026443512000000002
0.00400835954,-0.067280342
0.00400836354,0.046527195
0.00400836754,0.20050209800000002
0.00400837154,0.180418415
0.00400837554,0.019748951
0.00400837954,-0.067280342
0.0040083835399999995,0.053221756
0.00400838754,0.207196659
0.00400839154,0.180418415
0.00400839554,0.013054389999999999
0.00400839954,-0.067280342
0.00400840354,0.059916317000000004
0.00400840754,0.207196659
0.0040084115399999995,0.173723854
0.00400841554,0.006359828999999997
0.00400841954,-0.067280342
0.00400842354,0.066610878
0.00400842754,0.21389122
0.00400843154,0.167029293
0.00400843554,-0.00033473199999999037
0.0040084395399999995,-0.067280342
0.00400844354,0.08
0.00400844754,0.21389122
0.00400845154,0.16033473199999998
0.00400845554,-0.007029292999999992
0.00400845954,-0.06058578099999999
0.00400846354,0.08
0.0040084675399999995,0.21389122
0.00400847154,0.153640171
0.00400847554,-0.013723853999999994
0.00400847954,-0.06058578099999999
0.00400848354,0.086694561
0.00400848754,0.22058578099999998
0.00400849154,0.14694561
0.0040084955399999995,-0.027112975999999997
0.00400849954,-0.053891220000000004
0.00400850354,0.093389122
0.00400850754,0.22058578099999998
0.00400851154,0.133556488
0.00400851554,-0.027112975999999997
0.00400851954,-0.04719665899999999
0.0040085235399999995,0.106778244
0.00400852754,0.22058578099999998
0.00400853154,0.12686192699999999
0.00400853554,-0.033807537
0.00400853954,-0.04719665899999999
0.00400854354,0.11347280500000001
0.00400854754,0.22058578099999998
0.0040085515399999995,0.120167366
0.00400855554,-0.040502098
0.00400855954,-0.040502098
0.00400856354,0.120167366
0.00400856754,0.22058578099999998
0.00400857154,0.106778244
0.00400857554,-0.04719665899999999
0.0040085795399999995,-0.033807537
0.00400858354,0.133556488
0.00400858754,0.22058578099999998
0.00400859154,0.100083683
0.00400859554,-0.053891220000000004
0.004008599539999999,-0.020418414999999995
0.00400860354,0.14025104900000002
0.0040086075399999995,0.22058578099999998
0.00400861154,0.086694561
0.00400861554,-0.06058578099999999
0.00400861954,-0.013723853999999994
0.00400862354,0.153640171
0.004008627539999999,0.21389122
0.00400863154,0.08
0.0040086355399999996,-0.06058578099999999
0.00400863954,-0.00033473199999999037
0.00400864354,0.167029293
0.00400864754,0.207196659
0.00400865154,0.066610878
0.0040086555399999994,-0.067280342
0.00400865954,0.006359828999999997
0.0040086635399999996,0.173723854
0.00400866754,0.207196659
0.00400867154,0.053221756
0.00400867554,-0.067280342
0.00400867954,0.019748951
0.0040086835399999994,0.180418415
0.00400868754,0.193807537
0.00400869154,0.039832634000000006
0.00400869554,-0.067280342
0.00400869954,0.033138073000000004
0.00400870354,0.193807537
0.00400870754,0.187112976
0.0040087115399999994,0.026443512000000002
0.00400871554,-0.067280342
0.00400871954,0.046527195
0.00400872354,0.20050209800000002
0.00400872754,0.180418415
0.00400873154,0.013054389999999999
0.00400873554,-0.067280342
0.0040087395399999995,0.059916317000000004
0.00400874354,0.207196659
0.00400874754,0.167029293
0.00400875154,-0.00033473199999999037
0.00400875554,-0.06058578099999999
0.00400875954,0.08
0.00400876354,0.21389122
0.0040087675399999995,0.153640171
0.00400877154,-0.013723853999999994
0.00400877554,-0.06058578099999999
0.00400877954,0.086694561
0.00400878354,0.21389122
0.00400878754,0.14025104900000002
0.00400879154,-0.027112975999999997
0.0040087955399999995,-0.053891220000000004
0.00400879954,0.100083683
0.00400880354,0.22058578099999998
0.00400880754,0.12686192699999999
0.00400881154,-0.033807537
0.00400881554,-0.040502098
0.00400881954,0.11347280500000001
0.0040088235399999995,0.22058578099999998
0.00400882754,0.11347280500000001
0.00400883154,-0.04719665899999999
0.00400883554,-0.033807537
0.00400883954,0.133556488
0.00400884354,0.22058578099999998
0.00400884754,0.100083683
0.0040088515399999995,-0.053891220000000004
0.00400885554,-0.020418414999999995
0.00400885954,0.14694561
0.00400886354,0.21389122
0.00400886754,0.08
0.00400887154,-0.06058578099999999
0.00400887554,-0.007029292999999992
0.0040088795399999995,0.16033473199999998
0.00400888354,0.207196659
0.00400888754,0.066610878
0.00400889154,-0.067280342
0.00400889554,0.013054389999999999
0.00400889954,0.173723854
0.00400890354,0.20050209800000002
0.0040089075399999995,0.053221756
0.00400891154,-0.067280342
0.00400891554,0.026443512000000002
0.00400891954,0.187112976
0.00400892354,0.193807537
0.00400892754,0.033138073000000004
0.00400893154,-0.067280342
0.0040089355399999995,0.046527195
0.00400893954,0.20050209800000002
0.00400894354,0.180418415
0.00400894754,0.013054389999999999
0.00400895154,-0.067280342
0.00400895554,0.066610878
0.00400895954,0.207196659
0.0040089635399999995,0.16033473199999998
0.00400896754,-0.007029292999999992
0.00400897154,-0.06058578099999999
0.00400897554,0.08
0.00400897954,0.21389122
0.00400898354,0.14694561
0.00400898754,-0.020418414999999995
0.0040089915399999995,-0.053891220000000004
0.00400899554,0.100083683
0.00400899954,0.21389122
0.00400900354,0.12686192699999999
0.00400900754,-0.033807537
0.00400901154,-0.040502098
0.00400901554,0.11347280500000001
0.0040090195399999995,0.21389122
0.00400902354,0.106778244
0.00400902754,-0.04719665899999999
0.00400903154,-0.027112975999999997
0.00400903554,0.133556488
0.00400903954,0.21389122
0.00400904354,0.086694561
0.0040090475399999995,-0.053891220000000004
0.00400905154,-0.013723853999999994
0.00400905554,0.153640171
0.00400905954,0.21389122
0.00400906354,0.073305439
0.00400906754,-0.06058578099999999
0.00400907154,0.006359828999999997
0.0040090755399999995,0.173723854
0.00400907954,0.20050209800000002
0.00400908354,0.053221756
0.00400908754,-0.067280342
0.00400909154,0.026443512000000002
0.004009095539999999,0.187112976
0.00400909954,0.187112976
0.0040091035399999995,0.033138073000000004
0.00400910754,-0.067280342
0.00400911154,0.053221756
0.00400911554,0.20050209800000002
0.00400911954,0.173723854
0.004009123539999999,0.006359828999999997
0.00400912754,-0.06058578099999999
0.0040091315399999996,0.073305439
0.00400913554,0.207196659
0.00400913954,0.153640171
0.00400914354,-0.013723853999999994
0.00400914754,-0.053891220000000004
0.0040091515399999994,0.086694561
0.00400915554,0.21389122
0.0040091595399999996,0.133556488
0.00400916354,-0.027112975999999997
0.00400916754,-0.040502098
0.00400917154,0.11347280500000001
0.00400917554,0.22058578099999998
0.0040091795399999994,0.11347280500000001
0.00400918354,-0.04719665899999999
0.00400918754,-0.027112975999999997
0.00400919154,0.133556488
0.00400919554,0.21389122
0.00400919954,0.086694561
0.00400920354,-0.053891220000000004
0.0040092075399999995,-0.007029292999999992
0.00400921154,0.153640171
0.00400921554,0.207196659
0.00400921954,0.073305439
0.00400922354,-0.06058578099999999
0.00400922754,0.013054389999999999
0.00400923154,0.173723854
0.0040092355399999995,0.20050209800000002
0.00400923954,0.046527195
0.00400924354,-0.067280342
0.00400924754,0.039832634000000006
0.00400925154,0.193807537
0.00400925554,0.180418415
0.00400925954,0.019748951
0.0040092635399999995,-0.067280342
0.00400926754,0.066610878
0.00400927154,0.207196659
0.00400927554,0.16033473199999998
0.00400927954,-0.007029292999999992
0.00400928354,-0.06058578099999999
0.00400928754,0.08
0.0040092915399999995,0.21389122
0.00400929554,0.14025104900000002
0.00400929954,-0.027112975999999997
0.00400930354,-0.04719665899999999
0.00400930754,0.106778244
0.00400931154,0.21389122
0.00400931554,0.11347280500000001
0.0040093195399999995,-0.040502098
0.00400932354,-0.027112975999999997
0.00400932754,0.133556488
0.00400933154,0.21389122
0.00400933554,0.086694561
0.00400933954,-0.053891220000000004
0.00400934354,-0.007029292999999992
0.0040093475399999995,0.153640171
0.00400935154,0.207196659
0.00400935554,0.066610878
0.00400935954,-0.06058578099999999
0.00400936354,0.019748951
0.00400936754,0.180418415
0.00400937154,0.193807537
0.0040093755399999995,0.039832634000000006
0.00400937954,-0.067280342
0.00400938354,0.046527195
0.00400938754,0.193807537
0.00400939154,0.173723854
0.00400939554,0.013054389999999999
0.00400939954,-0.06058578099999999
0.0040094035399999995,0.073305439
0.00400940754,0.207196659
0.00400941154,0.153640171
0.00400941554,-0.013723853999999994
0.00400941954,-0.053891220000000004
0.00400942354,0.093389122
0.00400942754,0.21389122
0.0040094315399999995,0.12686192699999999
0.00400943554,-0.033807537
0.00400943954,-0.033807537
0.00400944354,0.120167366
0.00400944754,0.21389122
0.00400945154,0.100083683
0.00400945554,-0.053891220000000004
0.0040094595399999995,-0.013723853999999994
0.00400946354,0.14694561
0.00400946754,0.207196659
0.00400947154,0.073305439
0.00400947554,-0.06058578099999999
0.00400947954,0.013054389999999999
0.00400948354,0.173723854
0.0040094875399999995,0.193807537
0.00400949154,0.046527195
0.00400949554,-0.067280342
0.00400949954,0.039832634000000006
0.00400950354,0.193807537
0.00400950754,0.180418415
0.00400951154,0.013054389999999999
0.0040095155399999995,-0.06058578099999999
0.00400951954,0.073305439
0.00400952354,0.207196659
0.00400952754,0.153640171
0.00400953154,-0.013723853999999994
0.00400953554,-0.053891220000000004
0.00400953954,0.100083683
0.0040095435399999995,0.21389122
0.00400954754,0.12686192699999999
0.00400955154,-0.033807537
0.00400955554,-0.033807537
0.00400955954,0.12686192699999999
0.00400956354,0.21389122
0.00400956754,0.093389122
0.0040095715399999995,-0.053891220000000004
0.00400957554,-0.013723853999999994
0.00400957954,0.153640171
0.00400958354,0.207196659
0.00400958754,0.066610878
0.004009591539999999,-0.06058578099999999
0.00400959554,0.019748951
0.0040095995399999996,0.180418415
0.00400960354,0.187112976
0.00400960754,0.033138073000000004
0.00400961154,-0.067280342
0.00400961554,0.053221756
0.0040096195399999994,0.20050209800000002
0.00400962354,0.167029293
0.0040096275399999996,-0.00033473199999999037
0.00400963154,-0.06058578099999999
0.00400963554,0.08
0.00400963954,0.21389122
0.00400964354,0.14025104900000002
0.0040096475399999994,-0.027112975999999997
0.00400965154,-0.040502098
0.00400965554,0.11347280500000001
0.00400965954,0.21389122
0.00400966354,0.106778244
0.00400966754,-0.04719665899999999
0.00400967154,-0.020418414999999995
0.0040096755399999994,0.14025104900000002
0.00400967954,0.21389122
0.00400968354,0.08
0.00400968754,-0.06058578099999999
0.00400969154,0.006359828999999997
0.00400969554,0.173723854
0.00400969954,0.193807537
0.0040097035399999995,0.046527195
0.00400970754,-0.067280342
0.00400971154,0.039832634000000006
0.00400971554,0.193807537
0.00400971954,0.173723854
0.00400972354,0.013054389999999999
0.00400972754,-0.06058578099999999
0.0040097315399999995,0.08
0.00400973554,0.207196659
0.00400973954,0.14694561
0.00400974354,-0.020418414999999995
0.00400974754,-0.04719665899999999
0.00400975154,0.106778244
0.00400975554,0.21389122
0.0040097595399999995,0.11347280500000001
0.00400976354,-0.040502098
0.00400976754,-0.027112975999999997
0.00400977154,0.14025104900000002
0.00400977554,0.21389122
0.00400977954,0.08
0.00400978354,-0.06058578099999999
0.0040097875399999995,0.006359828999999997
0.00400979154,0.167029293
0.00400979554,0.193807537
0.00400979954,0.046527195
0.00400980354,-0.067280342
0.00400980754,0.039832634000000006
0.00400981154,0.193807537
0.0040098155399999995,0.173723854
0.00400981954,0.006359828999999997
0.00400982354,-0.06058578099999999
0.00400982754,0.08
0.00400983154,0.207196659
0.00400983554,0.14025104900000002
0.00400983954,-0.020418414999999995
0.0040098435399999995,-0.04719665899999999
0.00400984754,0.106778244
0.00400985154,0.21389122
0.00400985554,0.106778244
0.00400985954,-0.04719665899999999
0.00400986354,-0.020418414999999995
0.00400986754,0.14694561
0.0040098715399999995,0.207196659
0.00400987554,0.073305439
0.00400987954,-0.06058578099999999
0.00400988354,0.013054389999999999
0.00400988754,0.180418415
0.00400989154,0.193807537
0.00400989554,0.033138073000000004
0.0040098995399999995,-0.067280342
0.00400990354,0.053221756
0.00400990754,0.20050209800000002
0.00400991154,0.167029293
0.00400991554,-0.00033473199999999037
0.00400991954,-0.053891220000000004
0.00400992354,0.086694561
0.0040099275399999995,0.21389122
0.00400993154,0.133556488
0.00400993554,-0.033807537
0.00400993954,-0.033807537
0.00400994354,0.120167366
0.00400994754,0.21389122
0.00400995154,0.093389122
0.0040099555399999995,-0.053891220000000004
0.00400995954,-0.007029292999999992
0.00400996354,0.16033473199999998
0.00400996754,0.20050209800000002
0.00400997154,0.059916317000000004
0.00400997554,-0.067280342
0.00400997954,0.033138073000000004
0.0040099835399999995,0.187112976
0.00400998754,0.180418415
0.00400999154,0.019748951
0.00400999554,-0.06058578099999999
0.00400999954,0.073305439
0.00401000354,0.207196659
0.00401000754,0.14694561
0.0040100115399999995,-0.020418414999999995
0.00401001554,-0.04719665899999999
0.00401001954,0.106778244
0.00401002354,0.21389122
0.00401002754,0.106778244
0.00401003154,-0.04719665899999999
0.00401003554,-0.020418414999999995
0.0040100395399999995,0.14694561
0.00401004354,0.207196659
0.00401004754,0.073305439
0.00401005154,-0.06058578099999999
0.00401005554,0.013054389999999999
0.004010059539999999,0.180418415
0.00401006354,0.193807537
0.0040100675399999995,0.033138073000000004
0.00401007154,-0.06058578099999999
0.00401007554,0.059916317000000004
0.00401007954,0.20050209800000002
0.00401008354,0.16033473199999998
0.004010087539999999,-0.007029292999999992
0.00401009154,-0.053891220000000004
0.0040100955399999996,0.093389122
0.00401009954,0.21389122
0.00401010354,0.120167366
0.00401010754,-0.040502098
0.00401011154,-0.027112975999999997
0.0040101155399999994,0.133556488
0.00401011954,0.21389122
0.0040101235399999996,0.08
0.00401012754,-0.06058578099999999
0.00401013154,0.006359828999999997
0.00401013554,0.173723854
0.00401013954,0.193807537
0.0040101435399999994,0.039832634000000006
0.00401014754,-0.067280342
0.00401015154,0.053221756
0.00401015554,0.20050209800000002
0.00401015954,0.167029293
0.00401016354,-0.00033473199999999037
0.00401016754,-0.053891220000000004
0.0040101715399999995,0.093389122
0.00401017554,0.21389122
0.00401017954,0.12686192699999999
0.00401018354,-0.040502098
0.00401018754,-0.033807537
0.00401019154,0.133556488
0.00401019554,0.21389122
0.0040101995399999995,0.08
0.00401020354,-0.06058578099999999
0.00401020754,0.006359828999999997
0.00401021154,0.173723854
0.00401021554,0.193807537
0.00401021954,0.039832634000000006
0.00401022354,-0.06058578099999999
0.0040102275399999995,0.053221756
0.00401023154,0.20050209800000002
0.00401023554,0.16033473199999998
0.00401023954,-0.00033473199999999037
0.00401024354,-0.053891220000000004
0.00401024754,0.093389122
0.00401025154,0.21389122
0.0040102555399999995,0.120167366
0.00401025954,-0.033807537
0.00401026354,-0.027112975999999997
0.00401026754,0.133556488
0.00401027154,0.21389122
0.00401027554,0.08
0.00401027954,-0.06058578099999999
0.0040102835399999995,0.013054389999999999
0.00401028754,0.173723854
0.00401029154,0.193807537
0.00401029554,0.033138073000000004
0.00401029954,-0.067280342
0.00401030354,0.059916317000000004
0.00401030754,0.20050209800000002
0.0040103115399999995,0.16033473199999998
0.00401031554,-0.007029292999999992
0.00401031954,-0.053891220000000004
0.00401032354,0.100083683
0.00401032754,0.21389122
0.00401033154,0.11347280500000001
0.00401033554,-0.040502098
0.0040103395399999995,-0.020418414999999995
0.00401034354,0.14025104900000002
0.00401034754,0.207196659
0.00401035154,0.073305439
0.00401035554,-0.06058578099999999
0.00401035954,0.019748951
0.00401036354,0.180418415
0.0040103675399999995,0.187112976
0.00401037154,0.026443512000000002
0.00401037554,-0.06058578099999999
0.00401037954,0.066610878
0.00401038354,0.207196659
0.00401038754,0.14694561
0.00401039154,-0.020418414999999995
0.0040103955399999995,-0.04719665899999999
0.00401039954,0.11347280500000001
0.00401040354,0.21389122
0.00401040754,0.100083683
0.00401041154,-0.053891220000000004
0.00401041554,-0.013723853999999994
0.00401041954,0.153640171
0.0040104235399999995,0.20050209800000002
0.00401042754,0.059916317000000004
0.00401043154,-0.067280342
0.00401043554,0.033138073000000004
0.00401043954,0.193807537
0.00401044354,0.173723854
0.00401044754,0.006359828999999997
0.0040104515399999995,-0.06058578099999999
0.00401045554,0.08
0.00401045954,0.21389122
0.00401046354,0.133556488
0.00401046754,-0.033807537
0.00401047154,-0.033807537
0.00401047554,0.12686192699999999
0.0040104795399999995,0.21389122
0.00401048354,0.08
0.00401048754,-0.06058578099999999
0.00401049154,0.006359828999999997
0.00401049554,0.173723854
0.00401049954,0.193807537
0.00401050354,0.039832634000000006
0.0040105075399999995,-0.06058578099999999
0.00401051154,0.059916317000000004
0.00401051554,0.20050209800000002
0.00401051954,0.153640171
0.00401052354,-0.013723853999999994
0.004010527539999999,-0.04719665899999999
0.00401053154,0.100083683
0.0040105355399999995,0.21389122
0.00401053954,0.106778244
0.00401054354,-0.04719665899999999
0.00401054754,-0.013723853999999994
0.00401055154,0.153640171
0.004010555539999999,0.207196659
0.00401055954,0.059916317000000004
0.0040105635399999996,-0.06058578099999999
0.00401056754,0.033138073000000004
0.00401057154,0.193807537
0.00401057554,0.173723854
0.00401057954,0.006359828999999997
0.004010583539999999,-0.06058578099999999
0.00401058754,0.08
0.0040105915399999996,0.21389122
0.00401059554,0.133556488
0.00401059954,-0.033807537
0.00401060354,-0.033807537
0.00401060754,0.133556488
0.0040106115399999994,0.21389122
0.00401061554,0.08
0.00401061954,-0.06058578099999999
0.00401062354,0.013054389999999999
0.00401062754,0.180418415
0.00401063154,0.187112976
0.00401063554,0.026443512000000002
0.0040106395399999994,-0.06058578099999999
0.00401064354,0.066610878
0.00401064754,0.207196659
0.00401065154,0.14694561
0.00401065554,-0.020418414999999995
0.00401065954,-0.040502098
0.00401066354,0.11347280500000001
0.0040106675399999995,0.21389122
0.00401067154,0.093389122
0.00401067554,-0.053891220000000004
0.00401067954,-0.007029292999999992
0.00401068354,0.16033473199999998
0.00401068754,0.20050209800000002
0.00401069154,0.046527195
0.0040106955399999995,-0.06058578099999999
0.00401069954,0.053221756
0.00401070354,0.20050209800000002
0.00401070754,0.16033473199999998
0.00401071154,-0.007029292999999992
0.00401071554,-0.053891220000000004
0.00401071954,0.100083683
0.0040107235399999995,0.21389122
0.00401072754,0.11347280500000001
0.00401073154,-0.04719665899999999
0.00401073554,-0.013723853999999994
0.00401073954,0.153640171
0.00401074354,0.207196659
0.00401074754,0.059916317000000004
0.0040107515399999995,-0.06058578099999999
0.00401075554,0.039832634000000006
0.00401075954,0.193807537
0.00401076354,0.173723854
0.00401076754,0.006359828999999997
0.00401077154,-0.06058578099999999
0.00401077554,0.086694561
0.0040107795399999995,0.21389122
0.00401078354,0.120167366
0.00401078754,-0.040502098
0.00401079154,-0.027112975999999997
0.00401079554,0.14025104900000002
0.00401079954,0.207196659
0.00401080354,0.073305439
0.0040108075399999995,-0.06058578099999999
0.00401081154,0.026443512000000002
0.00401081554,0.187112976
0.00401081954,0.180418415
0.00401082354,0.013054389999999999
0.00401082754,-0.06058578099999999
0.00401083154,0.08
0.0040108355399999995,0.21389122
0.00401083954,0.133556488
0.00401084354,-0.033807537
0.00401084754,-0.027112975999999997
0.00401085154,0.133556488
0.00401085554,0.21389122
0.00401085954,0.08
0.0040108635399999995,-0.06058578099999999
0.00401086754,0.019748951
0.00401087154,0.187112976
0.00401087554,0.180418415
0.00401087954,0.019748951
0.00401088354,-0.06058578099999999
0.00401088754,0.08
0.0040108915399999995,0.21389122
0.00401089554,0.133556488
0.00401089954,-0.033807537
0.00401090354,-0.033807537
0.00401090754,0.133556488
0.00401091154,0.21389122
0.00401091554,0.08
0.0040109195399999995,-0.06058578099999999
0.00401092354,0.013054389999999999
0.00401092754,0.180418415
0.00401093154,0.187112976
0.00401093554,0.019748951
0.00401093954,-0.06058578099999999
0.00401094354,0.08
0.0040109475399999995,0.21389122
0.00401095154,0.14025104900000002
0.00401095554,-0.033807537
0.00401095954,-0.033807537
0.00401096354,0.133556488
0.00401096754,0.21389122
0.00401097154,0.08
0.0040109755399999995,-0.06058578099999999
0.00401097954,0.019748951
0.00401098354,0.180418415
0.00401098754,0.187112976
0.00401099154,0.019748951
0.00401099554,-0.06058578099999999
0.00401099954,0.08
0.0040110035399999995,0.21389122
0.00401100754,0.133556488
0.00401101154,-0.033807537
0.00401101554,-0.033807537
0.00401101954,0.133556488
0.004011023539999999,0.21389122
0.00401102754,0.08
0.0040110315399999995,-0.06058578099999999
0.00401103554,0.019748951
0.00401103954,0.187112976
0.00401104354,0.180418415
0.00401104754,0.013054389999999999
0.004011051539999999,-0.06058578099999999
0.00401105554,0.08
0.0040110595399999996,0.21389122
0.00401106354,0.133556488
0.00401106754,-0.033807537
0.00401107154,-0.027112975999999997
0.00401107554,0.14025104900000002
0.0040110795399999994,0.21389122
0.00401108354,0.073305439
0.0040110875399999996,-0.06058578099999999
0.00401109154,0.026443512000000002
0.00401109554,0.187112976
0.00401109954,0.180418415
0.00401110354,0.006359828999999997
0.0040111075399999994,-0.06058578099999999
0.00401111154,0.086694561
0.00401111554,0.21389122
0.00401111954,0.120167366
0.00401112354,-0.040502098
0.00401112754,-0.020418414999999995
0.00401113154,0.14694561
0.0040111355399999995,0.207196659
0.00401113954,0.066610878
0.00401114354,-0.067280342
0.00401114754,0.039832634000000006
0.00401115154,0.193807537
0.00401115554,0.173723854
0.00401115954,-0.00033473199999999037
0.0040111635399999995,-0.053891220000000004
0.00401116754,0.100083683
0.00401117154,0.21389122
0.00401117554,0.11347280500000001
0.00401117954,-0.04719665899999999
0.00401118354,-0.013723853999999994
0.00401118754,0.16033473199999998
0.0040111915399999995,0.20050209800000002
0.00401119554,0.053221756
0.00401119954,-0.067280342
0.00401120354,0.046527195
0.00401120754,0.20050209800000002
0.00401121154,0.16033473199999998
0.00401121554,-0.013723853999999994
0.0040112195399999995,-0.04719665899999999
0.00401122354,0.106778244
0.00401122754,0.21389122
0.00401123154,0.093389122
0.00401123554,-0.053891220000000004
0.00401123954,-0.00033473199999999037
0.00401124354,0.173723854
0.0040112475399999995,0.193807537
0.00401125154,0.033138073000000004
0.00401125554,-0.067280342
0.00401125954,0.066610878
0.00401126354,0.207196659
0.00401126754,0.14694561
0.00401127154,-0.027112975999999997
0.0040112755399999995,-0.040502098
0.00401127954,0.12686192699999999
0.00401128354,0.21389122
0.00401128754,0.08
0.00401129154,-0.06058578099999999
0.00401129554,0.013054389999999999
0.00401129954,0.180418415
0.0040113035399999995,0.187112976
0.00401130754,0.013054389999999999
0.00401131154,-0.06058578099999999
0.00401131554,0.08
0.00401131954,0.21389122
0.00401132354,0.12686192699999999
0.00401132754,-0.040502098
0.0040113315399999995,-0.027112975999999997
0.00401133554,0.14694561
0.00401133954,0.207196659
0.00401134354,0.066610878
0.00401134754,-0.067280342
0.00401135154,0.039832634000000006
0.00401135554,0.20050209800000002
0.0040113595399999995,0.167029293
0.00401136354,-0.007029292999999992
0.00401136754,-0.053891220000000004
0.00401137154,0.100083683
0.00401137554,0.21389122
0.00401137954,0.100083683
0.00401138354,-0.053891220000000004
0.0040113875399999995,-0.007029292999999992
0.00401139154,0.167029293
0.00401139554,0.20050209800000002
0.00401139954,0.039832634000000006
0.00401140354,-0.06058578099999999
0.00401140754,0.066610878
0.00401141154,0.207196659
0.0040114155399999995,0.14694561
0.00401141954,-0.027112975999999997
0.00401142354,-0.040502098
0.00401142754,0.12686192699999999
0.00401143154,0.21389122
0.00401143554,0.08
0.00401143954,-0.06058578099999999
0.0040114435399999995,0.019748951
0.00401144754,0.187112976
0.00401145154,0.180418415
0.00401145554,0.006359828999999997
0.00401145954,-0.06058578099999999
0.00401146354,0.086694561
0.00401146754,0.21389122
0.0040114715399999995,0.120167366
0.00401147554,-0.04719665899999999
0.00401147954,-0.013723853999999994
0.00401148354,0.153640171
0.00401148754,0.20050209800000002
0.00401149154,0.053221756
0.00401149554,-0.067280342
0.0040114995399999995,0.053221756
0.00401150354,0.20050209800000002
0.00401150754,0.153640171
0.00401151154,-0.020418414999999995
0.00401151554,-0.04719665899999999
0.004011519539999999,0.120167366
0.00401152354,0.21389122
0.0040115275399999996,0.086694561
0.00401153154,-0.06058578099999999
0.00401153554,0.013054389999999999
0.00401153954,0.180418415
0.00401154354,0.187112976
0.004011547539999999,0.013054389999999999
0.00401155154,-0.06058578099999999
0.0040115555399999996,0.08
0.00401155954,0.21389122
0.00401156354,0.120167366
0.00401156754,-0.040502098
0.00401157154,-0.020418414999999995
0.0040115755399999994,0.153640171
0.00401157954,0.207196659
0.0040115835399999996,0.053221756
0.00401158754,-0.067280342
0.00401159154,0.046527195
0.00401159554,0.20050209800000002
0.00401159954,0.153640171
0.0040116035399999994,-0.020418414999999995
0.00401160754,-0.04719665899999999
0.00401161154,0.120167366
0.00401161554,0.21389122
0.00401161954,0.086694561
0.00401162354,-0.06058578099999999
0.00401162754,0.013054389999999999
0.0040116315399999995,0.187112976
0.00401163554,0.187112976
0.00401163954,0.013054389999999999
0.00401164354,-0.06058578099999999
0.00401164754,0.086694561
0.00401165154,0.21389122
0.00401165554,0.120167366
0.0040116595399999995,-0.04719665899999999
0.00401166354,-0.020418414999999995
0.00401166754,0.153640171
0.00401167154,0.20050209800000002
0.00401167554,0.046527195
0.00401167954,-0.067280342
0.00401168354,0.059916317000000004
0.0040116875399999995,0.207196659
0.00401169154,0.14694561
0.00401169554,-0.020418414999999995
0.00401169954,-0.040502098
0.00401170354,0.12686192699999999
0.00401170754,0.21389122
0.00401171154,0.08
0.0040117155399999995,-0.06058578099999999
0.00401171954,0.019748951
0.00401172354,0.187112976
0.00401172754,0.173723854
0.00401173154,-0.00033473199999999037
0.00401173554,-0.053891220000000004
0.00401173954,0.093389122
0.0040117435399999995,0.22058578099999998
0.00401174754,0.106778244
0.00401175154,-0.053891220000000004
0.00401175554,-0.007029292999999992
0.00401175954,0.167029293
0.00401176354,0.193807537
0.00401176754,0.033138073000000004
0.0040117715399999995,-0.067280342
0.00401177554,0.073305439
0.00401177954,0.207196659
0.00401178354,0.133556488
0.00401178754,-0.033807537
0.00401179154,-0.027112975999999997
0.00401179554,0.14025104900000002
0.0040117995399999995,0.207196659
0.00401180354,0.066610878
0.00401180754,-0.067280342
0.00401181154,0.039832634000000006
0.00401181554,0.20050209800000002
0.00401181954,0.16033473199999998
0.00401182354,-0.013723853999999994
0.0040118275399999995,-0.04719665899999999
0.00401183154,0.11347280500000001
0.00401183554,0.21389122
0.00401183954,0.086694561
0.00401184354,-0.06058578099999999
0.00401184754,0.013054389999999999
0.00401185154,0.187112976
0.0040118555399999995,0.180418415
0.00401185954,0.013054389999999999
0.00401186354,-0.06058578099999999
0.00401186754,0.093389122
0.00401187154,0.21389122
0.00401187554,0.11347280500000001
0.00401187954,-0.04719665899999999
0.0040118835399999995,-0.007029292999999992
0.00401188754,0.167029293
0.00401189154,0.20050209800000002
0.00401189554,0.033138073000000004
0.00401189954,-0.067280342
0.00401190354,0.073305439
0.00401190754,0.21389122
0.0040119115399999995,0.133556488
0.00401191554,-0.033807537
0.00401191954,-0.027112975999999997
0.00401192354,0.14025104900000002
0.00401192754,0.207196659
0.00401193154,0.059916317000000004
0.00401193554,-0.067280342
0.0040119395399999995,0.046527195
0.00401194354,0.20050209800000002
0.00401194754,0.153640171
0.00401195154,-0.020418414999999995
0.00401195554,-0.04719665899999999
0.00401195954,0.120167366
0.00401196354,0.21389122
0.0040119675399999995,0.08
0.00401197154,-0.06058578099999999
0.00401197554,0.026443512000000002
0.00401197954,0.193807537
0.00401198354,0.173723854
0.004011987539999999,-0.00033473199999999037
0.00401199154,-0.053891220000000004
0.0040119955399999995,0.100083683
0.00401199954,0.21389122
0.00401200354,0.100083683
0.00401200754,-0.053891220000000004
0.00401201154,-0.00033473199999999037
0.004012015539999999,0.173723854
0.00401201954,0.187112976
0.0040120235399999996,0.019748951
0.00401202754,-0.06058578099999999
0.00401203154,0.08
0.00401203554,0.21389122
0.00401203954,0.120167366
0.0040120435399999994,-0.04719665899999999
0.00401204754,-0.013723853999999994
0.0040120515399999996,0.16033473199999998
0.00401205554,0.20050209800000002
0.00401205954,0.039832634000000006
0.00401206354,-0.067280342
0.00401206754,0.066610878
0.0040120715399999994,0.207196659
0.00401207554,0.133556488
0.00401207954,-0.033807537
0.00401208354,-0.027112975999999997
0.00401208754,0.14694561
0.00401209154,0.207196659
0.00401209554,0.053221756
0.0040120995399999995,-0.067280342
0.00401210354,0.053221756
0.00401210754,0.207196659
0.00401211154,0.153640171
0.00401211554,-0.027112975999999997
0.00401211954,-0.040502098
0.00401212354,0.12686192699999999
0.0040121275399999995,0.21389122
0.00401213154,0.073305439
0.00401213554,-0.067280342
0.00401213954,0.033138073000000004
0.00401214354,0.20050209800000002
0.00401214754,0.167029293
0.00401215154,-0.013723853999999994
0.0040121555399999995,-0.04719665899999999
0.00401215954,0.11347280500000001
0.00401216354,0.21389122
0.00401216754,0.086694561
0.00401217154,-0.06058578099999999
0.00401217554,0.019748951
0.00401217954,0.187112976
0.0040121835399999995,0.180418415
0.00401218754,-0.00033473199999999037
0.00401219154,-0.053891220000000004
0.00401219554,0.100083683
0.00401219954,0.22058578099999998
0.00401220354,0.100083683
0.00401220754,-0.053891220000000004
0.0040122115399999995,0.006359828999999997
0.00401221554,0.180418415
0.00401221954,0.187112976
0.00401222354,0.013054389999999999
0.00401222754,-0.06058578099999999
0.00401223154,0.086694561
0.00401223554,0.22058578099999998
0.0040122395399999995,0.11347280500000001
0.00401224354,-0.053891220000000004
0.00401224754,-0.007029292999999992
0.00401225154,0.173723854
0.00401225554,0.193807537
0.00401225954,0.026443512000000002
0.00401226354,-0.067280342
0.0040122675399999995,0.08
0.00401227154,0.21389122
0.00401227554,0.120167366
0.00401227954,-0.04719665899999999
0.00401228354,-0.013723853999999994
0.00401228754,0.16033473199999998
0.00401229154,0.20050209800000002
0.0040122955399999995,0.033138073000000004
0.00401229954,-0.067280342
0.00401230354,0.073305439
0.00401230754,0.21389122
0.00401231154,0.133556488
0.00401231554,-0.040502098
0.00401231954,-0.027112975999999997
0.0040123235399999995,0.153640171
0.00401232754,0.207196659
0.00401233154,0.046527195
0.00401233554,-0.067280342
0.00401233954,0.066610878
0.00401234354,0.21389122
0.00401234754,0.14025104900000002
0.0040123515399999995,-0.040502098
0.00401235554,-0.027112975999999997
0.00401235954,0.14694561
0.00401236354,0.207196659
0.00401236754,0.053221756
0.00401237154,-0.067280342
0.00401237554,0.059916317000000004
0.0040123795399999995,0.207196659
0.00401238354,0.14694561
0.00401238754,-0.033807537
0.00401239154,-0.033807537
0.00401239554,0.14025104900000002
0.00401239954,0.21389122
0.00401240354,0.059916317000000004
0.0040124075399999995,-0.067280342
0.00401241154,0.053221756
0.00401241554,0.207196659
0.00401241954,0.153640171
0.00401242354,-0.027112975999999997
0.00401242754,-0.040502098
0.00401243154,0.14025104900000002
0.0040124355399999995,0.21389122
0.00401243954,0.066610878
0.00401244354,-0.067280342
0.00401244754,0.046527195
0.00401245154,0.207196659
0.004012455539999999,0.153640171
0.00401245954,-0.027112975999999997
0.0040124635399999995,-0.040502098
0.00401246754,0.133556488
0.00401247154,0.21389122
0.00401247554,0.066610878
0.00401247954,-0.067280342
0.004012483539999999,0.039832634000000006
0.00401248754,0.207196659
0.0040124915399999996,0.16033473199999998
0.00401249554,-0.020418414999999995
0.00401249954,-0.040502098
0.00401250354,0.12686192699999999
0.00401250754,0.21389122
0.004012511539999999,0.073305439
0.00401251554,-0.067280342
0.0040125195399999996,0.039832634000000006
0.00401252354,0.20050209800000002
0.00401252754,0.16033473199999998
0.00401253154,-0.020418414999999995
0.00401253554,-0.04719665899999999
0.0040125395399999994,0.133556488
0.00401254354,0.21389122
0.0040125475399999996,0.073305439
0.00401255154,-0.067280342
0.00401255554,0.039832634000000006
0.00401255954,0.20050209800000002
0.00401256354,0.16033473199999998
0.0040125675399999994,-0.020418414999999995
0.00401257154,-0.040502098
0.00401257554,0.133556488
0.00401257954,0.21389122
0.00401258354,0.073305439
0.00401258754,-0.067280342
0.00401259154,0.039832634000000006
0.0040125955399999995,0.207196659
0.00401259954,0.16033473199999998
0.00401260354,-0.027112975999999997
0.00401260754,-0.040502098
0.00401261154,0.133556488
0.00401261554,0.21389122
0.00401261954,0.066610878
0.0040126235399999995,-0.067280342
0.00401262754,0.046527195
0.00401263154,0.207196659
0.00401263554,0.153640171
0.00401263954,-0.027112975999999997
0.00401264354,-0.040502098
0.00401264754,0.133556488
0.0040126515399999995,0.21389122
0.00401265554,0.066610878
0.00401265954,-0.067280342
0.00401266354,0.046527195
0.00401266754,0.207196659
0.00401267154,0.153640171
0.00401267554,-0.027112975999999997
0.0040126795399999995,-0.040502098
0.00401268354,0.14025104900000002
0.00401268754,0.21389122
0.00401269154,0.059916317000000004
0.00401269554,-0.067280342
0.00401269954,0.053221756
0.00401270354,0.207196659
0.0040127075399999995,0.14694561
0.00401271154,-0.033807537
0.00401271554,-0.033807537
0.00401271954,0.14694561
0.00401272354,0.21389122
0.00401272754,0.053221756
0.00401273154,-0.067280342
0.0040127355399999995,0.059916317000000004
0.00401273954,0.21389122
0.00401274354,0.14025104900000002
0.00401274754,-0.040502098
0.00401275154,-0.027112975999999997
0.00401275554,0.14694561
0.00401275954,0.207196659
0.0040127635399999995,0.046527195
0.00401276754,-0.067280342
0.00401277154,0.066610878
0.00401277554,0.21389122
0.00401277954,0.133556488
0.00401278354,-0.040502098
0.00401278754,-0.020418414999999995
0.0040127915399999995,0.16033473199999998
0.00401279554,0.20050209800000002
0.00401279954,0.033138073000000004
0.00401280354,-0.067280342
0.00401280754,0.08
0.00401281154,0.22058578099999998
0.00401281554,0.120167366
0.0040128195399999995,-0.04719665899999999
0.00401282354,-0.013723853999999994
0.00401282754,0.167029293
0.00401283154,0.20050209800000002
0.00401283554,0.019748951
0.00401283954,-0.067280342
0.00401284354,0.086694561
0.0040128475399999995,0.22058578099999998
0.00401285154,0.11347280500000001
0.00401285554,-0.053891220000000004
0.00401285954,-0.007029292999999992
0.00401286354,0.180418415
0.00401286754,0.193807537
0.00401287154,0.013054389999999999
0.0040128755399999995,-0.06058578099999999
0.00401287954,0.093389122
0.00401288354,0.22058578099999998
0.00401288754,0.100083683
0.00401289154,-0.06058578099999999
0.00401289554,0.006359828999999997
0.00401289954,0.187112976
0.0040129035399999995,0.180418415
0.00401290754,-0.00033473199999999037
0.00401291154,-0.06058578099999999
0.00401291554,0.106778244
0.00401291954,0.22058578099999998
0.00401292354,0.086694561
0.00401292754,-0.067280342
0.0040129315399999995,0.019748951
0.00401293554,0.20050209800000002
0.00401293954,0.173723854
0.00401294354,-0.013723853999999994
0.00401294754,-0.053891220000000004
0.004012951539999999,0.120167366
0.00401295554,0.22058578099999998
0.0040129595399999995,0.073305439
0.00401296354,-0.067280342
0.00401296754,0.039832634000000006
0.00401297154,0.207196659
0.00401297554,0.153640171
0.004012979539999999,-0.027112975999999997
0.00401298354,-0.040502098
0.0040129875399999996,0.14025104900000002
0.00401299154,0.21389122
0.00401299554,0.059916317000000004
0.00401299954,-0.067280342
0.00401300354,0.059916317000000004
0.0040130075399999994,0.21389122
0.00401301154,0.14025104900000002
0.0040130155399999996,-0.040502098
0.00401301954,-0.027112975999999997
0.00401302354,0.153640171
0.00401302754,0.207196659
0.00401303154,0.039832634000000006
0.0040130355399999994,-0.067280342
0.00401303954,0.073305439
0.00401304354,0.22058578099999998
0.00401304754,0.120167366
0.00401305154,-0.053891220000000004
0.00401305554,-0.013723853999999994
0.00401305954,0.173723854
0.0040130635399999995,0.193807537
0.00401306754,0.019748951
0.00401307154,-0.067280342
0.00401307554,0.086694561
0.00401307954,0.22058578099999998
0.00401308354,0.100083683
0.00401308754,-0.06058578099999999
0.0040130915399999995,0.006359828999999997
0.00401309554,0.187112976
0.00401309954,0.180418415
0.00401310354,-0.00033473199999999037
0.00401310754,-0.06058578099999999
0.00401311154,0.11347280500000001
0.00401311554,0.22058578099999998
0.0040131195399999995,0.08
0.00401312354,-0.067280342
0.00401312754,0.026443512000000002
0.00401313154,0.20050209800000002
0.00401313554,0.167029293
0.00401313954,-0.020418414999999995
0.00401314354,-0.04719665899999999
0.0040131475399999995,0.133556488
0.00401315154,0.21389122
0.00401315554,0.059916317000000004
0.00401315954,-0.073974903
0.00401316354,0.053221756
0.00401316754,0.21389122
0.00401317154,0.14694561
0.0040131755399999995,-0.040502098
0.00401317954,-0.027112975999999997
0.00401318354,0.153640171
0.00401318754,0.207196659
0.00401319154,0.033138073000000004
0.00401319554,-0.067280342
0.00401319954,0.08
0.0040132035399999995,0.22058578099999998
0.00401320754,0.120167366
0.00401321154,-0.053891220000000004
0.00401321554,-0.007029292999999992
0.00401321954,0.180418415
0.00401322354,0.193807537
0.00401322754,0.006359828999999997
0.0040132315399999995,-0.067280342
0.00401323554,0.100083683
0.00401323954,0.22058578099999998
0.00401324354,0.093389122
0.00401324754,-0.067280342
0.00401325154,0.019748951
0.00401325554,0.20050209800000002
0.0040132595399999995,0.173723854
0.00401326354,-0.013723853999999994
0.00401326754,-0.053891220000000004
0.00401327154,0.12686192699999999
0.00401327554,0.22058578099999998
0.00401327954,0.066610878
0.00401328354,-0.073974903
0.0040132875399999995,0.046527195
0.00401329154,0.21389122
0.00401329554,0.14694561
0.00401329954,-0.040502098
0.00401330354,-0.033807537
0.00401330754,0.153640171
0.00401331154,0.207196659
0.0040133155399999995,0.039832634000000006
0.00401331954,-0.073974903
0.00401332354,0.08
0.00401332754,0.22058578099999998
0.00401333154,0.120167366
0.00401333554,-0.053891220000000004
0.00401333954,-0.007029292999999992
0.0040133435399999995,0.180418415
0.00401334754,0.193807537
0.00401335154,0.006359828999999997
0.00401335554,-0.06058578099999999
0.00401335954,0.106778244
0.00401336354,0.22058578099999998
0.00401336754,0.086694561
0.0040133715399999995,-0.067280342
0.00401337554,0.026443512000000002
0.00401337954,0.20050209800000002
0.00401338354,0.167029293
0.00401338754,-0.020418414999999995
0.00401339154,-0.04719665899999999
0.00401339554,0.133556488
0.0040133995399999995,0.22058578099999998
0.00401340354,0.059916317000000004
0.00401340754,-0.073974903
0.00401341154,0.059916317000000004
0.00401341554,0.22058578099999998
0.00401341954,0.14025104900000002
0.00401342354,-0.04719665899999999
0.0040134275399999995,-0.020418414999999995
0.00401343154,0.167029293
0.00401343554,0.20050209800000002
0.00401343954,0.019748951
0.00401344354,-0.073974903
0.004013447539999999,0.086694561
0.00401345154,0.22728034200000002
0.0040134555399999996,0.100083683
0.00401345954,-0.067280342
0.00401346354,0.006359828999999997
0.00401346754,0.193807537
0.00401347154,0.180418415
0.004013475539999999,-0.013723853999999994
0.00401347954,-0.053891220000000004
0.0040134835399999996,0.12686192699999999
0.00401348754,0.22058578099999998
0.00401349154,0.073305439
0.00401349554,-0.073974903
0.00401349954,0.046527195
0.0040135035399999994,0.21389122
0.00401350754,0.14694561
0.0040135115399999996,-0.040502098
0.00401351554,-0.033807537
0.00401351954,0.16033473199999998
0.00401352354,0.207196659
0.00401352754,0.026443512000000002
0.0040135315399999994,-0.073974903
0.00401353554,0.08
0.00401353954,0.22728034200000002
0.00401354354,0.106778244
0.00401354754,-0.06058578099999999
0.00401355154,0.006359828999999997
0.00401355554,0.193807537
0.0040135595399999995,0.180418415
0.00401356354,-0.007029292999999992
0.00401356754,-0.06058578099999999
0.00401357154,0.120167366
0.00401357554,0.22058578099999998
0.00401357954,0.073305439
0.00401358354,-0.073974903
0.0040135875399999995,0.046527195
0.00401359154,0.21389122
0.00401359554,0.14694561
0.00401359954,-0.040502098
0.00401360354,-0.033807537
0.00401360754,0.16033473199999998
0.00401361154,0.207196659
0.0040136155399999995,0.026443512000000002
0.00401361954,-0.073974903
0.00401362354,0.08
0.00401362754,0.22728034200000002
0.00401363154,0.106778244
0.00401363554,-0.067280342
0.00401363954,0.006359828999999997
0.0040136435399999995,0.193807537
0.00401364754,0.180418415
0.00401365154,-0.013723853999999994
0.00401365554,-0.053891220000000004
0.00401365954,0.12686192699999999
0.00401366354,0.22058578099999998
0.00401366754,0.066610878
0.0040136715399999995,-0.073974903
0.00401367554,0.053221756
0.00401367954,0.22058578099999998
0.00401368354,0.14025104900000002
0.00401368754,-0.04719665899999999
0.00401369154,-0.027112975999999997
0.00401369554,0.167029293
0.0040136995399999995,0.20050209800000002
0.00401370354,0.019748951
0.00401370754,-0.067280342
0.00401371154,0.093389122
0.00401371554,0.22728034200000002
0.00401371954,0.093389122
0.00401372354,-0.067280342
0.0040137275399999995,0.019748951
0.00401373154,0.20050209800000002
0.00401373554,0.167029293
0.00401373954,-0.020418414999999995
0.00401374354,-0.04719665899999999
0.00401374754,0.14025104900000002
0.00401375154,0.22058578099999998
0.0040137555399999995,0.053221756
0.00401375954,-0.073974903
0.00401376354,0.066610878
0.00401376754,0.22058578099999998
0.00401377154,0.12686192699999999
0.00401377554,-0.053891220000000004
0.00401377954,-0.013723853999999994
0.0040137835399999995,0.180418415
0.00401378754,0.193807537
0.00401379154,-0.00033473199999999037
0.00401379554,-0.067280342
0.00401379954,0.11347280500000001
0.00401380354,0.22728034200000002
0.00401380754,0.08
0.0040138115399999995,-0.073974903
0.00401381554,0.039832634000000006
0.00401381954,0.21389122
0.00401382354,0.153640171
0.00401382754,-0.040502098
0.00401383154,-0.033807537
0.00401383554,0.16033473199999998
0.0040138395399999995,0.207196659
0.00401384354,0.026443512000000002
0.00401384754,-0.073974903
0.00401385154,0.086694561
0.00401385554,0.22728034200000002
0.00401385954,0.100083683
0.00401386354,-0.067280342
0.0040138675399999995,0.013054389999999999
0.00401387154,0.20050209800000002
0.00401387554,0.173723854
0.00401387954,-0.020418414999999995
0.00401388354,-0.053891220000000004
0.00401388754,0.14025104900000002
0.00401389154,0.22058578099999998
0.0040138955399999995,0.053221756
0.00401389954,-0.073974903
0.00401390354,0.066610878
0.00401390754,0.22058578099999998
0.00401391154,0.12686192699999999
0.004013915539999999,-0.06058578099999999
0.00401391954,-0.007029292999999992
0.0040139235399999995,0.187112976
0.00401392754,0.187112976
0.00401393154,-0.00033473199999999037
0.00401393554,-0.06058578099999999
0.00401393954,0.120167366
0.004013943539999999,0.22728034200000002
0.00401394754,0.073305439
0.0040139515399999996,-0.073974903
0.00401395554,0.046527195
0.00401395954,0.22058578099999998
0.00401396354,0.14025104900000002
0.00401396754,-0.04719665899999999
0.0040139715399999994,-0.027112975999999997
0.00401397554,0.173723854
0.0040139795399999996,0.20050209800000002
0.00401398354,0.013054389999999999
0.00401398754,-0.067280342
0.00401399154,0.100083683
0.00401399554,0.22728034200000002
0.0040139995399999994,0.086694561
0.00401400354,-0.073974903
0.00401400754,0.033138073000000004
0.00401401154,0.207196659
0.00401401554,0.16033473199999998
0.00401401954,-0.033807537
0.00401402354,-0.040502098
0.0040140275399999994,0.153640171
0.00401403154,0.21389122
0.00401403554,0.026443512000000002
0.00401403954,-0.073974903
0.00401404354,0.086694561
0.00401404754,0.22728034200000002
0.00401405154,0.100083683
0.0040140555399999995,-0.067280342
0.00401405954,0.013054389999999999
0.00401406354,0.20050209800000002
0.00401406754,0.167029293
0.00401407154,-0.027112975999999997
0.00401407554,-0.04719665899999999
0.00401407954,0.14694561
0.0040140835399999995,0.21389122
0.00401408754,0.039832634000000006
0.00401409154,-0.073974903
0.00401409554,0.08
0.00401409954,0.22728034200000002
0.00401410354,0.11347280500000001
0.00401410754,-0.067280342
0.0040141115399999995,0.006359828999999997
0.00401411554,0.193807537
0.00401411954,0.180418415
0.00401412354,-0.020418414999999995
0.00401412754,-0.053891220000000004
0.00401413154,0.133556488
0.00401413554,0.22058578099999998
0.0040141395399999995,0.053221756
0.00401414354,-0.073974903
0.00401414754,0.073305439
0.00401415154,0.22728034200000002
0.00401415554,0.120167366
0.00401415954,-0.06058578099999999
0.00401416354,-0.00033473199999999037
0.0040141675399999995,0.193807537
0.00401417154,0.187112976
0.00401417554,-0.013723853999999994
0.00401417954,-0.053891220000000004
0.00401418354,0.12686192699999999
0.00401418754,0.22058578099999998
0.00401419154,0.059916317000000004
0.0040141955399999995,-0.073974903
0.00401419954,0.066610878
0.00401420354,0.22058578099999998
0.00401420754,0.12686192699999999
0.00401421154,-0.06058578099999999
0.00401421554,-0.007029292999999992
0.00401421954,0.187112976
0.0040142235399999995,0.187112976
0.00401422754,-0.013723853999999994
0.00401423154,-0.06058578099999999
0.00401423554,0.12686192699999999
0.00401423954,0.22058578099999998
0.00401424354,0.059916317000000004
0.00401424754,-0.073974903
0.0040142515399999995,0.066610878
0.00401425554,0.22058578099999998
0.00401425954,0.12686192699999999
0.00401426354,-0.06058578099999999
0.00401426754,-0.007029292999999992
0.00401427154,0.187112976
0.00401427554,0.187112976
0.0040142795399999995,-0.007029292999999992
0.00401428354,-0.06058578099999999
0.00401428754,0.12686192699999999
0.00401429154,0.22058578099999998
0.00401429554,0.059916317000000004
0.00401429954,-0.073974903
0.00401430354,0.066610878
0.0040143075399999995,0.22058578099999998
0.00401431154,0.12686192699999999
0.00401431554,-0.06058578099999999
0.00401431954,-0.007029292999999992
0.00401432354,0.187112976
0.00401432754,0.187112976
0.00401433154,-0.013723853999999994
0.0040143355399999995,-0.053891220000000004
0.00401433954,0.12686192699999999
0.00401434354,0.22058578099999998
0.00401434754,0.059916317000000004
0.00401435154,-0.073974903
0.00401435554,0.066610878
0.00401435954,0.22728034200000002
0.0040143635399999995,0.120167366
0.00401436754,-0.06058578099999999
0.00401437154,-0.00033473199999999037
0.00401437554,0.193807537
0.00401437954,0.180418415
0.00401438354,-0.013723853999999994
0.00401438754,-0.053891220000000004
0.0040143915399999995,0.133556488
0.00401439554,0.22058578099999998
0.00401439954,0.053221756
0.00401440354,-0.073974903
0.00401440754,0.073305439
0.004014411539999999,0.22728034200000002
0.00401441554,0.11347280500000001
0.0040144195399999996,-0.067280342
0.00401442354,0.006359828999999997
0.00401442754,0.20050209800000002
0.00401443154,0.173723854
0.00401443554,-0.020418414999999995
0.004014439539999999,-0.04719665899999999
0.00401444354,0.14694561
0.0040144475399999996,0.21389122
0.00401445154,0.039832634000000006
0.00401445554,-0.073974903
0.00401445954,0.08
0.00401446354,0.22728034200000002
0.0040144675399999994,0.106778244
0.00401447154,-0.067280342
0.0040144755399999996,0.013054389999999999
0.00401447954,0.20050209800000002
0.00401448354,0.167029293
0.00401448754,-0.033807537
0.00401449154,-0.040502098
0.0040144955399999994,0.153640171
0.00401449954,0.207196659
0.00401450354,0.026443512000000002
0.00401450754,-0.073974903
0.00401451154,0.093389122
0.00401451554,0.22728034200000002
0.00401451954,0.086694561
0.0040145235399999995,-0.073974903
0.00401452754,0.033138073000000004
0.00401453154,0.21389122
0.00401453554,0.153640171
0.00401453954,-0.040502098
0.00401454354,-0.027112975999999997
0.00401454754,0.167029293
0.0040145515399999995,0.20050209800000002
0.00401455554,0.013054389999999999
0.00401455954,-0.067280342
0.00401456354,0.106778244
0.00401456754,0.22728034200000002
0.00401457154,0.08
0.00401457554,-0.073974903
0.0040145795399999995,0.046527195
0.00401458354,0.22058578099999998
0.00401458754,0.14025104900000002
0.00401459154,-0.053891220000000004
0.00401459554,-0.013723853999999994
0.00401459954,0.180418415
0.00401460354,0.187112976
0.0040146075399999995,-0.007029292999999992
0.00401461154,-0.06058578099999999
0.00401461554,0.12686192699999999
0.00401461954,0.22058578099999998
0.00401462354,0.059916317000000004
0.00401462754,-0.073974903
0.00401463154,0.073305439
0.0040146355399999995,0.22728034200000002
0.00401463954,0.11347280500000001
0.00401464354,-0.06058578099999999
0.00401464754,0.006359828999999997
0.00401465154,0.20050209800000002
0.00401465554,0.173723854
0.00401465954,-0.020418414999999995
0.0040146635399999995,-0.04719665899999999
0.00401466754,0.14694561
0.00401467154,0.21389122
0.00401467554,0.033138073000000004
0.00401467954,-0.073974903
0.00401468354,0.086694561
0.00401468754,0.22728034200000002
0.0040146915399999995,0.093389122
0.00401469554,-0.073974903
0.00401469954,0.026443512000000002
0.00401470354,0.207196659
0.00401470754,0.153640171
0.00401471154,-0.040502098
0.00401471554,-0.027112975999999997
0.0040147195399999995,0.167029293
0.00401472354,0.20050209800000002
0.00401472754,0.006359828999999997
0.00401473154,-0.067280342
0.00401473554,0.11347280500000001
0.00401473954,0.22728034200000002
0.00401474354,0.073305439
0.0040147475399999995,-0.073974903
0.00401475154,0.059916317000000004
0.00401475554,0.22058578099999998
0.00401475954,0.12686192699999999
0.00401476354,-0.06058578099999999
0.00401476754,-0.007029292999999992
0.00401477154,0.193807537
0.0040147755399999995,0.180418415
0.00401477954,-0.020418414999999995
0.00401478354,-0.053891220000000004
0.00401478754,0.14025104900000002
0.00401479154,0.21389122
0.00401479554,0.039832634000000006
0.00401479954,-0.073974903
0.0040148035399999995,0.08
0.00401480754,0.22728034200000002
0.00401481154,0.100083683
0.00401481554,-0.073974903
0.00401481954,0.026443512000000002
0.00401482354,0.207196659
0.00401482754,0.153640171
0.0040148315399999995,-0.040502098
0.00401483554,-0.027112975999999997
0.00401483954,0.167029293
0.00401484354,0.20050209800000002
0.00401484754,0.006359828999999997
0.00401485154,-0.067280342
0.00401485554,0.11347280500000001
0.0040148595399999995,0.22728034200000002
0.00401486354,0.066610878
0.00401486754,-0.073974903
0.00401487154,0.059916317000000004
0.00401487554,0.22058578099999998
0.004014879539999999,0.12686192699999999
0.00401488354,-0.06058578099999999
0.0040148875399999995,-0.00033473199999999037
0.00401489154,0.193807537
0.00401489554,0.173723854
0.00401489954,-0.020418414999999995
0.00401490354,-0.04719665899999999
0.004014907539999999,0.14694561
0.00401491154,0.21389122
0.0040149155399999996,0.033138073000000004
0.00401491954,-0.073974903
0.00401492354,0.093389122
0.00401492754,0.22728034200000002
0.00401493154,0.086694561
0.0040149355399999994,-0.073974903
0.00401493954,0.039832634000000006
0.0040149435399999996,0.21389122
0.00401494754,0.14025104900000002
0.00401495154,-0.04719665899999999
0.00401495554,-0.013723853999999994
0.00401495954,0.180418415
0.0040149635399999994,0.187112976
0.00401496754,-0.007029292999999992
0.00401497154,-0.053891220000000004
0.00401497554,0.133556488
0.00401497954,0.22058578099999998
0.00401498354,0.046527195
0.00401498754,-0.073974903
0.0040149915399999994,0.08
0.00401499554,0.22728034200000002
0.00401499954,0.100083683
0.00401500354,-0.067280342
0.00401500754,0.026443512000000002
0.00401501154,0.207196659
0.00401501554,0.153640171
0.0040150195399999995,-0.040502098
0.00401502354,-0.027112975999999997
0.00401502754,0.167029293
0.00401503154,0.20050209800000002
0.00401503554,0.006359828999999997
0.00401503954,-0.06058578099999999
0.00401504354,0.120167366
0.0040150475399999995,0.22058578099999998
0.00401505154,0.059916317000000004
0.00401505554,-0.073974903
0.00401505954,0.073305439
0.00401506354,0.22058578099999998
0.00401506754,0.11347280500000001
0.00401507154,-0.067280342
0.0040150755399999995,0.013054389999999999
0.00401507954,0.20050209800000002
0.00401508354,0.16033473199999998
0.00401508754,-0.033807537
0.00401509154,-0.033807537
0.00401509554,0.16033473199999998
0.00401509954,0.20050209800000002
0.0040151035399999995,0.013054389999999999
0.00401510754,-0.067280342
0.00401511154,0.11347280500000001
0.00401511554,0.22058578099999998
0.00401511954,0.066610878
0.00401512354,-0.073974903
0.00401512754,0.066610878
0.0040151315399999995,0.22058578099999998
0.00401513554,0.120167366
0.00401513954,-0.06058578099999999
0.00401514354,0.006359828999999997
0.00401514754,0.20050209800000002
0.00401515154,0.167029293
0.00401515554,-0.027112975999999997
0.0040151595399999995,-0.033807537
0.00401516354,0.16033473199999998
0.00401516754,0.20050209800000002
0.00401517154,0.013054389999999999
0.00401517554,-0.067280342
0.00401517954,0.11347280500000001
0.00401518354,0.22058578099999998
0.0040151875399999995,0.073305439
0.00401519154,-0.073974903
0.00401519554,0.066610878
0.00401519954,0.22058578099999998
0.00401520354,0.11347280500000001
0.00401520754,-0.06058578099999999
0.00401521154,0.013054389999999999
0.0040152155399999995,0.20050209800000002
0.00401521954,0.167029293
0.00401522354,-0.033807537
0.00401522754,-0.033807537
0.00401523154,0.16033473199999998
0.00401523554,0.20050209800000002
0.00401523954,0.013054389999999999
0.0040152435399999995,-0.067280342
0.00401524754,0.11347280500000001
0.00401525154,0.22058578099999998
0.00401525554,0.066610878
0.00401525954,-0.073974903
0.00401526354,0.066610878
0.00401526754,0.22058578099999998
0.0040152715399999995,0.11347280500000001
0.00401527554,-0.06058578099999999
0.00401527954,0.013054389999999999
0.00401528354,0.20050209800000002
0.00401528754,0.16033473199999998
0.00401529154,-0.033807537
0.00401529554,-0.027112975999999997
0.0040152995399999995,0.167029293
0.00401530354,0.193807537
0.00401530754,0.006359828999999997
0.00401531154,-0.06058578099999999
0.00401531554,0.120167366
0.00401531954,0.22058578099999998
0.00401532354,0.059916317000000004
0.0040153275399999995,-0.073974903
0.00401533154,0.08
0.00401533554,0.22058578099999998
0.00401533954,0.100083683
0.00401534354,-0.067280342
0.00401534754,0.026443512000000002
0.00401535154,0.207196659
0.0040153555399999995,0.14694561
0.00401535954,-0.040502098
0.00401536354,-0.020418414999999995
0.00401536754,0.173723854
0.00401537154,0.187112976
0.004015375539999999,-0.007029292999999992
0.00401537954,-0.053891220000000004
0.0040153835399999996,0.133556488
0.00401538754,0.21389122
0.00401539154,0.039832634000000006
0.00401539554,-0.067280342
0.00401539954,0.086694561
0.004015403539999999,0.22058578099999998
0.00401540754,0.086694561
0.0040154115399999996,-0.067280342
0.00401541554,0.046527195
0.00401541954,0.21389122
0.00401542354,0.133556488
0.00401542754,-0.053891220000000004
0.0040154315399999994,-0.007029292999999992
0.00401543554,0.187112976
0.0040154395399999996,0.173723854
0.00401544354,-0.020418414999999995
0.00401544754,-0.040502098
0.00401545154,0.14694561
0.00401545554,0.207196659
0.0040154595399999994,0.026443512000000002
0.00401546354,-0.06058578099999999
0.00401546754,0.106778244
0.00401547154,0.22058578099999998
0.00401547554,0.073305439
0.00401547954,-0.073974903
0.00401548354,0.066610878
0.0040154875399999995,0.22058578099999998
0.00401549154,0.11347280500000001
0.00401549554,-0.06058578099999999
0.00401549954,0.019748951
0.00401550354,0.20050209800000002
0.00401550754,0.153640171
0.00401551154,-0.033807537
0.0040155155399999995,-0.027112975999999997
0.00401551954,0.167029293
0.00401552354,0.193807537
0.00401552754,-0.00033473199999999037
0.00401553154,-0.053891220000000004
0.00401553554,0.12686192699999999
0.00401553954,0.21389122
0.0040155435399999995,0.046527195
0.00401554754,-0.067280342
0.00401555154,0.086694561
0.00401555554,0.22058578099999998
0.00401555954,0.086694561
0.00401556354,-0.067280342
0.00401556754,0.046527195
0.0040155715399999995,0.21389122
0.00401557554,0.133556488
0.00401557954,-0.053891220000000004
0.00401558354,-0.00033473199999999037
0.00401558754,0.193807537
0.00401559154,0.167029293
0.00401559554,-0.027112975999999997
0.0040155995399999995,-0.033807537
0.00401560354,0.153640171
0.00401560754,0.20050209800000002
0.00401561154,0.013054389999999999
0.00401561554,-0.06058578099999999
0.00401561954,0.11347280500000001
0.00401562354,0.22058578099999998
0.0040156275399999995,0.059916317000000004
0.00401563154,-0.067280342
0.00401563554,0.08
0.00401563954,0.22058578099999998
0.00401564354,0.100083683
0.00401564754,-0.067280342
0.00401565154,0.033138073000000004
0.0040156555399999995,0.207196659
0.00401565954,0.14025104900000002
0.00401566354,-0.04719665899999999
0.00401566754,-0.007029292999999992
0.00401567154,0.180418415
0.00401567554,0.173723854
0.00401567954,-0.020418414999999995
0.0040156835399999995,-0.040502098
0.00401568754,0.14694561
0.00401569154,0.20050209800000002
0.00401569554,0.019748951
0.00401569954,-0.06058578099999999
0.00401570354,0.106778244
0.00401570754,0.21389122
0.0040157115399999995,0.066610878
0.00401571554,-0.067280342
0.00401571954,0.073305439
0.00401572354,0.22058578099999998
0.00401572754,0.100083683
0.00401573154,-0.06058578099999999
0.00401573554,0.033138073000000004
0.0040157395399999995,0.207196659
0.00401574354,0.14025104900000002
0.00401574754,-0.04719665899999999
0.00401575154,-0.007029292999999992
0.00401575554,0.180418415
0.00401575954,0.173723854
0.00401576354,-0.013723853999999994
0.0040157675399999995,-0.040502098
0.00401577154,0.14694561
0.00401577554,0.20050209800000002
0.00401577954,0.019748951
0.00401578354,-0.06058578099999999
0.00401578754,0.106778244
0.00401579154,0.21389122
0.0040157955399999995,0.066610878
0.00401579954,-0.067280342
0.00401580354,0.073305439
0.00401580754,0.22058578099999998
0.00401581154,0.100083683
0.00401581554,-0.06058578099999999
0.00401581954,0.033138073000000004
0.0040158235399999995,0.207196659
0.00401582754,0.133556488
0.00401583154,-0.04719665899999999
0.00401583554,-0.00033473199999999037
0.00401583954,0.187112976
0.004015843539999999,0.173723854
0.00401584754,-0.020418414999999995
0.0040158515399999995,-0.033807537
0.00401585554,0.153640171
0.00401585954,0.193807537
0.00401586354,0.013054389999999999
0.00401586754,-0.053891220000000004
0.004015871539999999,0.120167366
0.00401587554,0.21389122
0.0040158795399999996,0.053221756
0.00401588354,-0.067280342
0.00401588754,0.08
0.00401589154,0.22058578099999998
0.00401589554,0.086694561
0.0040158995399999994,-0.067280342
0.00401590354,0.046527195
0.0040159075399999996,0.21389122
0.00401591154,0.12686192699999999
0.00401591554,-0.053891220000000004
0.00401591954,0.013054389999999999
0.00401592354,0.193807537
0.0040159275399999994,0.16033473199999998
0.00401593154,-0.033807537
0.00401593554,-0.027112975999999997
0.00401593954,0.167029293
0.00401594354,0.187112976
0.00401594754,-0.00033473199999999037
0.00401595154,-0.04719665899999999
0.0040159555399999994,0.133556488
0.00401595954,0.207196659
0.00401596354,0.033138073000000004
0.00401596754,-0.06058578099999999
0.00401597154,0.100083683
0.00401597554,0.22058578099999998
0.00401597954,0.073305439
0.0040159835399999995,-0.067280342
0.00401598754,0.066610878
0.00401599154,0.21389122
0.00401599554,0.106778244
0.00401599954,-0.06058578099999999
0.00401600354,0.033138073000000004
0.00401600754,0.20050209800000002
0.0040160115399999995,0.14025104900000002
0.00401601554,-0.040502098
0.00401601954,-0.007029292999999992
0.00401602354,0.180418415
0.00401602754,0.167029293
0.00401603154,-0.020418414999999995
0.00401603554,-0.027112975999999997
0.0040160395399999995,0.153640171
0.00401604354,0.193807537
0.00401604754,0.006359828999999997
0.00401605154,-0.053891220000000004
0.00401605554,0.12686192699999999
0.00401605954,0.21389122
0.00401606354,0.046527195
0.0040160675399999995,-0.067280342
0.00401607154,0.086694561
0.00401607554,0.21389122
0.00401607954,0.08
0.00401608354,-0.06058578099999999
0.00401608754,0.059916317000000004
0.00401609154,0.21389122
0.0040160955399999995,0.11347280500000001
0.00401609954,-0.067280342
0.00401610354,-0.00033473199999999037
0.00401610754,0.20050209800000002
0.00401611154,0.207196659
0.00401611554,0.006359828999999997
0.00401611954,-0.087364025
0.0040161235399999995,0.059916317000000004
0.00401612754,0.20050209800000002
0.00401613154,0.187112976
0.00401613554,0.073305439
